0 0.0377474233
0.05 0.06702484724
0.1 0.11280731654
0.15 0.1701402601
0.2 0.22876947427
0.25 0.28175456561
0.3 0.32721436058
0.35 0.36542532292
0.4 0.39769841579
0.45 0.4245191833
0.5 0.44716127264
0.55 0.46692186202
0.6 0.48403929364
0.65 0.49865395617
0.7 0.51102130445
0.75 0.52144627736
0.8 0.53049255571
0.85 0.53848694648
0.9 0.54543232621
0.95 0.55167676266
1 0.55698388995
1.05 0.56145431876
1.1 0.56553454321
1.15 0.56909421589
1.2 0.57193341402
1.25 0.57458141397
1.3 0.57698589837
1.35 0.57883996078
1.4 0.58050612964
1.45 0.58191269602
1.5 0.58275687472
1.55 0.58346470866
1.6 0.58368127512
1.65 0.58379827552
1.7 0.58374446616
1.75 0.58341424033
1.8 0.58313748913
1.85 0.58288739387
1.9 0.58239083845
1.95 0.58185284895
2 0.58111582309
2.05 0.58026971227
2.1 0.57928789808
2.15 0.57817451402
2.2 0.57711979501
2.25 0.57585195492
2.3 0.57437688566
2.35 0.57287328525
2.4 0.57133561107
2.45 0.56962836882
2.5 0.56811549281
2.55 0.56666920822
2.6 0.56515350642
2.65 0.56325455381
2.7 0.56158604417
2.75 0.55994088107
2.8 0.55881381942
2.85 0.55801429748
2.9 0.55699460174
2.95 0.55640431403
3 0.55576566817
3.05 0.55500399713
3.1 0.55435420114
3.15 0.55358247017
3.2 0.55300810835
3.25 0.55267723405
3.3 0.55231811328
3.35 0.55184891298
3.4 0.55111274138
3.45 0.55028088033
3.5 0.549322724
3.55 0.54835605772
3.6 0.54714600268
3.65 0.54576103756
3.7 0.54427312248
3.75 0.54266282522
3.8 0.54121556303
3.85 0.53966006724
3.9 0.53817688871
3.95 0.5367205901
4 0.53487775063
4.05 0.53296435989
4.1 0.5311188871
4.15 0.52936617933
4.2 0.52717752
4.25 0.52551990011
4.3 0.52390385345
4.35 0.52236629172
4.4 0.52083459443
4.45 0.51948687345
4.5 0.51821317786
4.55 0.51660319338
4.6 0.51470331377
4.65 0.51276357901
4.7 0.51136614897
4.75 0.51007051772
4.8 0.50910327579
4.85 0.50807625268
4.9 0.50661296573
4.95 0.50533202611
5 0.50361443475
5.05 0.50234831905
5.1 0.50101630248
5.15 0.49973609312
5.2 0.49918443042
5.25 0.4984385144
5.3 0.49742147372
5.35 0.49651043992
5.4 0.49588600538
5.45 0.49501063845
5.5 0.49435722856
5.55 0.4933968161
5.6 0.4924224093
5.65 0.49150319553
5.7 0.4903727956
5.75 0.48915007807
5.8 0.48774805886
5.85 0.48691858123
5.9 0.48636548213
5.95 0.48556184932
6 0.48469662851
6.05 0.48401421882
6.1 0.48343150382
6.15 0.48260155511
6.2 0.48184795072
6.25 0.48151291818
6.3 0.48108166822
6.35 0.48050640603
6.4 0.47959380204
6.45 0.47894120848
6.5 0.47833169276
6.55 0.47776569536
6.6 0.47748386954
6.65 0.47696761124
6.7 0.4763274897
6.75 0.47581396275
6.8 0.47501911948
6.85 0.47437501745
6.9 0.47366354809
6.95 0.47366508489
7 0.47350020987
7.05 0.4735851283
7.1 0.47369165449
7.15 0.47324546028
7.2 0.47254056949
7.25 0.47220080033
7.3 0.47202708701
7.35 0.47202366457
7.4 0.47193003799
7.45 0.47137598833
7.5 0.47089207397
7.55 0.46999896784
7.6 0.46915184189
7.65 0.46808855608
7.7 0.46731332499
7.75 0.46622599289
7.8 0.46527390997
7.85 0.46381719523
7.9 0.46238490547
7.95 0.46089914364
8 0.45925606089
8.05 0.45799157514
8.1 0.45712660537
8.15 0.45640370216
8.2 0.45594762738
8.25 0.45604488682
8.3 0.45533220964
8.35 0.45450874148
8.4 0.4536556641
8.45 0.45363364736
8.5 0.45348243156
8.55 0.45335887043
8.6 0.45358418512
8.65 0.45405452104
8.7 0.45459956479
8.75 0.45485062393
8.8 0.45478218546
8.85 0.4540876328
8.9 0.45328655718
8.95 0.45256776097
9 0.45204855597
9.05 0.45140369125
9.1 0.45124964878
9.15 0.45116856653
9.2 0.45139368856
9.25 0.45152186483
9.3 0.45130218012
9.35 0.45095962802
9.4 0.45074156584
9.45 0.45002192688
9.5 0.44973962144
9.55 0.44929238683
9.6 0.44895695115
9.65 0.44897763861
9.7 0.44884719086
9.75 0.44871135164
9.8 0.44864430451
9.85 0.44825892514
9.9 0.44795994973
9.95 0.44754285354
10 0.44740946792
10.05 0.4472778835
10.1 0.44679226501
10.15 0.44679968721
10.2 0.44643044991
10.25 0.44633680887
10.3 0.44620395596
10.35 0.44634369582
10.4 0.44605132103
10.45 0.44666970521
10.5 0.44633848255
10.55 0.44607496193
10.6 0.44631623057
10.65 0.44630332907
10.7 0.44528484897
10.75 0.44453422525
10.8 0.44374575346
10.85 0.4432708058
10.9 0.44260901941
10.95 0.44223163324
11 0.44187871735
11.05 0.44108622848
11.1 0.44047118402
11.15 0.43996629855
11.2 0.43911969264
11.25 0.43860596578
11.3 0.43819282188
11.35 0.43768029742
11.4 0.43745500681
11.45 0.43743842615
11.5 0.4371799291
11.55 0.43674410181
11.6 0.43697108345
11.65 0.43708442745
11.7 0.43711934162
11.75 0.43699661587
11.8 0.43738156186
11.85 0.43797008104
11.9 0.43817665489
11.95 0.43810189407
12 0.43725507044
12.05 0.43639074972
12.1 0.43644703861
12.15 0.43699995662
12.2 0.43734173612
12.25 0.43721246399
12.3 0.43716577485
12.35 0.43743208661
12.4 0.43743745212
12.45 0.43779827293
12.5 0.43825479779
12.55 0.43793309432
12.6 0.43762251263
12.65 0.43758277441
12.7 0.43772278373
12.75 0.43840711051
12.8 0.4394521384
12.85 0.44007179269
12.9 0.43996385197
12.95 0.43985381504
13 0.43915357708
13.05 0.43877042342
13.1 0.43879725035
13.15 0.43887534385
13.2 0.43852736812
13.25 0.43852769473
13.3 0.43826961939
13.35 0.43855608418
13.4 0.43876973251
13.45 0.43842137556
13.5 0.43826496199
13.55 0.43796927374
13.6 0.43793222967
13.65 0.43791209932
13.7 0.43765209781
13.75 0.43773632157
13.8 0.43796353728
13.85 0.43813497229
13.9 0.43918653927
13.95 0.43932742299
14 0.43921472712
14.05 0.43882048493
14.1 0.43825716406
14.15 0.438308439
14.2 0.43850878489
14.25 0.43888518115
14.3 0.43854109854
14.35 0.43874950928
14.4 0.43833823495
14.45 0.43802968364
14.5 0.43772678489
14.55 0.43772177706
14.6 0.43735245069
14.65 0.43806928398
14.7 0.43869373335
14.75 0.43922059069
14.8 0.43967679282
14.85 0.43995444819
14.9 0.44013730775
14.95 0.43957218224
15 0.43991410875
15.05 0.43999669945
15.1 0.43990517032
15.15 0.44012100034
15.2 0.43972735321
15.25 0.43903764881
15.3 0.43852688668
15.35 0.43840306266
15.4 0.4386285015
15.45 0.43888683224
15.5 0.43910812031
15.55 0.43964668214
15.6 0.44011040314
15.65 0.4401332148
15.7 0.44070259492
15.75 0.44079560313
15.8 0.44106072166
15.85 0.44109353409
15.9 0.4413388405
15.95 0.44174997674
16 0.44213272177
16.05 0.44207075439
16.1 0.44265002959
16.15 0.44274228579
16.2 0.44265064935
16.25 0.4435783072
16.3 0.4450020262
16.35 0.44558813823
16.4 0.44585389073
16.45 0.44590475909
16.5 0.44490236609
16.55 0.4439453946
16.6 0.44354419302
16.65 0.44299650833
16.7 0.44182041922
16.75 0.44072499447
16.8 0.44021132923
16.85 0.43975742366
16.9 0.43979054801
16.95 0.44000654493
17 0.44055590642
17.05 0.44056909352
17.1 0.44028793214
17.15 0.43957054588
17.2 0.43891054583
17.25 0.43803390959
17.3 0.43785489487
17.35 0.43817761033
17.4 0.43875171554
17.45 0.43938615034
17.5 0.43949923974
17.55 0.43960031356
17.6 0.43992512168
17.65 0.439907889
17.7 0.44009429184
17.75 0.44076979068
17.8 0.44067839902
17.85 0.44033132598
17.9 0.44010487913
17.95 0.4402447979
18 0.43987373885
18.05 0.438965315
18.1 0.43889356416
18.15 0.43867536749
18.2 0.43806399447
18.25 0.43790543949
18.3 0.4376771534
18.35 0.43714184407
18.4 0.43720038462
18.45 0.43752791738
18.5 0.43745929579
18.55 0.43774983628
18.6 0.43887133552
18.65 0.44051789533
18.7 0.44210380166
18.75 0.442399436
18.8 0.44238681425
18.85 0.44228771478
18.9 0.44251943181
18.95 0.442348292
19 0.44250143526
19.05 0.4425275208
19.1 0.44308517682
19.15 0.44245530128
19.2 0.44063773596
19.25 0.43938850234
19.3 0.43799832876
19.35 0.4368423666
19.4 0.43586261875
19.45 0.43455946685
19.5 0.43332813109
19.55 0.43335060833
19.6 0.43348609158
19.65 0.43282813203
19.7 0.43217460052
19.75 0.43127023192
19.8 0.43106468536
19.85 0.43096456975
19.9 0.43099345361
19.95 0.43055649222
20 0.43012568689
20.05 0.42967657389
20.1 0.42953938622
20.15 0.42937840656
20.2 0.42913025536
20.25 0.42924524703
20.3 0.42927788791
20.35 0.42936841885
20.4 0.42934454855
20.45 0.42957391679
20.5 0.42996060473
20.55 0.42982031734
20.6 0.42944726464
20.65 0.42927002217
20.7 0.42909164345
20.75 0.42859301194
20.8 0.42797346657
20.85 0.42740098534
20.9 0.42677286508
20.95 0.42682660465
21 0.42669471732
21.05 0.4264484355
21.1 0.42633369295
21.15 0.42652801141
21.2 0.42644469648
21.25 0.42577785596
21.3 0.42540230314
21.35 0.42491410909
21.4 0.42421367612
21.45 0.42394382735
21.5 0.42355173473
21.55 0.42270433759
21.6 0.4218070005
21.65 0.42037314843
21.7 0.41939282888
21.75 0.41878841478
21.8 0.4183021544
21.85 0.4179595368
21.9 0.41787373375
21.95 0.41847920284
22 0.41914055925
22.05 0.41999503066
22.1 0.42082769507
22.15 0.42087721473
22.2 0.42100706984
22.25 0.42153663206
22.3 0.42278022067
22.35 0.42359363222
22.4 0.42492311292
22.45 0.4248842988
22.5 0.42464694758
22.55 0.42424163142
22.6 0.42337460989
22.65 0.42275271174
22.7 0.4226151245
22.75 0.42187989437
22.8 0.42083559616
22.85 0.42037714127
22.9 0.42010704182
22.95 0.41986276452
23 0.41959946683
23.05 0.41913927839
23.1 0.41818322111
23.15 0.41802871065
23.2 0.41764088214
23.25 0.41750403465
23.3 0.41691097618
23.35 0.41652977266
23.4 0.41513018273
23.45 0.4141681213
23.5 0.41406114718
23.55 0.41335642088
23.6 0.412906095
23.65 0.41255678005
23.7 0.41234509743
23.75 0.41233011258
23.8 0.41203847575
23.85 0.4108898413
23.9 0.40991097391
23.95 0.40942721814
24 0.4090285814
24.05 0.40845750257
24.1 0.40781076367
24.15 0.40762937677
24.2 0.40724233234
24.25 0.40687199092
24.3 0.40691636154
24.35 0.40715684805
24.4 0.40706141126
24.45 0.40617717455
24.5 0.40463769347
24.55 0.40388665222
24.6 0.40343059509
24.65 0.40326776251
24.7 0.40370584304
24.75 0.40359506871
24.8 0.4034632129
24.85 0.40310747663
24.9 0.40298067114
24.95 0.40288582557
25 0.4032154278
25.05 0.40371879623
25.1 0.40345418238
25.15 0.40378037399
25.2 0.40476882137
25.25 0.40477897326
25.3 0.404946535
25.35 0.40543713365
25.4 0.40588641217
25.45 0.40585618494
25.5 0.40521850698
25.55 0.40481411888
25.6 0.40567555301
25.65 0.40609632166
25.7 0.40676007763
25.75 0.40742263987
25.8 0.40771116371
25.85 0.4082129857
25.9 0.4079927755
25.95 0.40829077687
26 0.4084987852
26.05 0.40876020386
26.1 0.40843903193
26.15 0.4088339086
26.2 0.40931684917
26.25 0.40974475517
26.3 0.41035282734
26.35 0.41051048092
26.4 0.41133723982
26.45 0.41224981469
26.5 0.41289172368
26.55 0.41273536923
26.6 0.41292313117
26.65 0.4130069224
26.7 0.41262949969
26.75 0.41178836203
26.8 0.41199176256
26.85 0.41247638806
26.9 0.41241220384
26.95 0.41238339082
27 0.41157915837
27.05 0.41119769838
27.1 0.41072688118
27.15 0.41078103105
27.2 0.41126699923
27.25 0.41145362506
27.3 0.41095386531
27.35 0.41083415426
27.4 0.41081706928
27.45 0.40992825213
27.5 0.4090023182
27.55 0.4084064468
27.6 0.40877734257
27.65 0.40877980424
27.7 0.40826197844
27.75 0.40801143145
27.8 0.40865012614
27.85 0.40937017526
27.9 0.41007933423
27.95 0.41098835651
28 0.41193769853
28.05 0.41252512167
28.1 0.41339953498
28.15 0.41422382777
28.2 0.41483550401
28.25 0.41539912915
28.3 0.41588822642
28.35 0.41608438122
28.4 0.41661175324
28.45 0.41712294227
28.5 0.41728961608
28.55 0.41837259834
28.6 0.41817130743
28.65 0.418407951
28.7 0.41796867456
28.75 0.41723231456
28.8 0.41717445687
28.85 0.4173189385
28.9 0.4178659811
28.95 0.4176945638
29 0.41818760856
29.05 0.41865567834
29.1 0.41935085688
29.15 0.41913956289
29.2 0.4191950471
29.25 0.4195204721
29.3 0.4201115103
29.35 0.42071805301
29.4 0.42230751025
29.45 0.42364631749
29.5 0.42447107513
29.55 0.42502555166
29.6 0.42528847692
29.65 0.42548245407
29.7 0.42530359182
29.75 0.42531124381
29.8 0.42512800167
29.85 0.42481991102
29.9 0.42455848353
29.95 0.42410029133
30 0.42307700128
30.05 0.42212774453
30.1 0.42140240277
30.15 0.42112593329
30.2 0.42052353676
30.25 0.42025153287
30.3 0.42071918757
30.35 0.42026277852
30.4 0.41951973418
30.45 0.41909375567
30.5 0.41821931628
30.55 0.417745167
30.6 0.41708179785
30.65 0.41653141423
30.7 0.41603623888
30.75 0.41560002984
30.8 0.41489619776
30.85 0.41468773437
30.9 0.41444716404
30.95 0.41437112281
31 0.414704139
31.05 0.41494842612
31.1 0.41626700326
31.15 0.4173404348
31.2 0.41809259822
31.25 0.41833449566
31.3 0.41848112846
31.35 0.41859674204
31.4 0.41888417627
31.45 0.41983259343
31.5 0.42051329208
31.55 0.42009868782
31.6 0.42009246411
31.65 0.42063132976
31.7 0.42081264605
31.75 0.42139757796
31.8 0.42131998624
31.85 0.42114809834
31.9 0.42078358005
31.95 0.42062933869
32 0.42060430127
32.05 0.42090205529
32.1 0.42076256313
32.15 0.42071557581
32.2 0.42097893405
32.25 0.42043702436
32.3 0.41978793613
32.35 0.41894700255
32.4 0.41825672009
32.45 0.41793086876
32.5 0.41753495136
32.55 0.41666855147
32.6 0.41611038161
32.65 0.415154928
32.7 0.41468417427
32.75 0.41379083359
32.8 0.41227412316
32.85 0.411039671
32.9 0.41011755859
32.95 0.40961820661
33 0.40923875224
33.05 0.40908893304
33.1 0.40979147201
33.15 0.41074263488
33.2 0.41117805545
33.25 0.41178154577
33.3 0.4122380835
33.35 0.41308166306
33.4 0.41323972235
33.45 0.41377706199
33.5 0.41409999584
33.55 0.41482550035
33.6 0.41538170917
33.65 0.41534413904
33.7 0.4151775717
33.75 0.41593047254
33.8 0.41556376905
33.85 0.41606654305
33.9 0.41727277901
33.95 0.41762725899
34 0.4187415027
34.05 0.41948239722
34.1 0.41932405859
34.15 0.41957474489
34.2 0.41959046437
34.25 0.41975573585
34.3 0.41964805929
34.35 0.41907869473
34.4 0.41884104552
34.45 0.41866660652
34.5 0.41868184623
34.55 0.41844142743
34.6 0.41802102487
34.65 0.41779725942
34.7 0.41740084363
34.75 0.41708035514
34.8 0.41649164039
34.85 0.41680251579
34.9 0.41699419074
34.95 0.41764755793
35 0.41801264584
35.05 0.41883687969
35.1 0.41939886421
35.15 0.41888190805
35.2 0.4180610394
35.25 0.41757617992
35.3 0.41704457272
35.35 0.4170166275
35.4 0.41691171835
35.45 0.41677667909
35.5 0.41677728626
35.55 0.4165478022
35.6 0.4165634068
35.65 0.41639238011
35.7 0.41553353493
35.75 0.41576972254
35.8 0.41556823499
35.85 0.41516779716
35.9 0.41527019444
35.95 0.4150858896
36 0.41426563612
36.05 0.41330825396
36.1 0.41266987498
36.15 0.41248719291
36.2 0.41146798036
36.25 0.41059070019
36.3 0.40981896724
36.35 0.40934395643
36.4 0.40945962233
36.45 0.40919029169
36.5 0.40933073949
36.55 0.40977085452
36.6 0.40979641125
36.65 0.40948816677
36.7 0.40942256801
36.75 0.40993002258
36.8 0.41037555277
36.85 0.41044647582
36.9 0.4110986224
36.95 0.41171994133
37 0.41249500834
37.05 0.41267059664
37.1 0.41305860836
37.15 0.41296050913
37.2 0.41301715078
37.25 0.41326802912
37.3 0.41349375548
37.35 0.4122727386
37.4 0.41176579679
37.45 0.41131076832
37.5 0.41087270434
37.55 0.41013329045
37.6 0.40974507305
37.65 0.40897382962
37.7 0.40839308305
37.75 0.40805115198
37.8 0.40708437542
37.85 0.40662770794
37.9 0.4060201018
37.95 0.40501234126
38 0.40465999932
38.05 0.40462304707
38.1 0.40445769674
38.15 0.40434025676
38.2 0.40369230765
38.25 0.40303779043
38.3 0.40239271362
38.35 0.40188613938
38.4 0.40138684747
38.45 0.40085993561
38.5 0.400408859
38.55 0.39968477891
38.6 0.39817165192
38.65 0.39759357471
38.7 0.39793834082
38.75 0.39766961896
38.8 0.3980877018
38.85 0.39814026439
38.9 0.39737736642
38.95 0.3960394588
39 0.39480749883
39.05 0.39374979801
39.1 0.39420737694
39.15 0.39410940687
39.2 0.39485668822
39.25 0.39569171212
39.3 0.39543657687
39.35 0.39488026775
39.4 0.39440567979
39.45 0.39406139419
39.5 0.39443523142
39.55 0.39438134384
39.6 0.39417422185
39.65 0.3944997938
39.7 0.39448574614
39.75 0.39445000983
39.8 0.3943481477
39.85 0.39367834824
39.9 0.39339306481
39.95 0.39350039287
40 0.39399169607
40.05 0.39423008067
40.1 0.39419828488
40.15 0.39425796062
40.2 0.39439388535
40.25 0.39470688773
40.3 0.39499487117
40.35 0.39581790849
40.4 0.39643828526
40.45 0.39737187471
40.5 0.39771318549
40.55 0.39804092119
40.6 0.39856781528
40.65 0.3978198394
40.7 0.39723684192
40.75 0.39646884378
40.8 0.39618143283
40.85 0.3961801228
40.9 0.39559199926
40.95 0.39508458728
41 0.39468433265
41.05 0.39485875782
41.1 0.39537454201
41.15 0.3961221833
41.2 0.39703486411
41.25 0.39727074124
41.3 0.39768852345
41.35 0.39834761641
41.4 0.39848988288
41.45 0.3978997857
41.5 0.39734649271
41.55 0.39660365082
41.6 0.39577762066
41.65 0.39438347189
41.7 0.39399955026
41.75 0.39408385004
41.8 0.39365766812
41.85 0.39299163581
41.9 0.39287885831
41.95 0.39284389094
42 0.39308909613
42.05 0.39302088453
42.1 0.39337078519
42.15 0.39338946029
42.2 0.39389561717
42.25 0.39373991535
42.3 0.39345756822
42.35 0.39452813011
42.4 0.39516901323
42.45 0.39577098667
42.5 0.39549661389
42.55 0.39540100298
42.6 0.39575620046
42.65 0.39624830975
42.7 0.39634042279
42.75 0.39647338693
42.8 0.39629233104
42.85 0.39603126899
42.9 0.39520800266
42.95 0.39501492103
43 0.39573747129
43.05 0.39531647249
43.1 0.39490928415
43.15 0.3950430099
43.2 0.39473651435
43.25 0.3940967831
43.3 0.39337205365
43.35 0.39337628786
43.4 0.3933974866
43.45 0.39283767441
43.5 0.39235084146
43.55 0.39205651202
43.6 0.39184870407
43.65 0.39160935025
43.7 0.39191143517
43.75 0.3923130999
43.8 0.39236246393
43.85 0.39195491545
43.9 0.39086256217
43.95 0.3901170039
44 0.3897813172
44.05 0.38966348886
44.1 0.38941802824
44.15 0.38961151222
44.2 0.38965886712
44.25 0.38903881261
44.3 0.38836036582
44.35 0.38658718722
44.4 0.38586799207
44.45 0.38486740228
44.5 0.3848225164
44.55 0.38489018781
44.6 0.38538834448
44.65 0.3854516876
44.7 0.38588874624
44.75 0.38663090655
44.8 0.38733846615
44.85 0.38805497697
44.9 0.38716890233
44.95 0.38620636626
45 0.38476072367
45.05 0.38464672481
45.1 0.38512768498
45.15 0.38562705102
45.2 0.38640468484
45.25 0.38709436741
45.3 0.38731786508
45.35 0.38719084334
45.4 0.38738429797
45.45 0.38722611365
45.5 0.38655931344
45.55 0.38566937969
45.6 0.38523357542
45.65 0.38551460059
45.7 0.38554289513
45.75 0.38604636377
45.8 0.38596979961
45.85 0.38591921713
45.9 0.38572310758
45.95 0.38548979616
46 0.38515009682
46.05 0.38480617026
46.1 0.38418062574
46.15 0.38377162057
46.2 0.38348846702
46.25 0.38392868891
46.3 0.38412213084
46.35 0.38421842445
46.4 0.38421757288
46.45 0.38455564475
46.5 0.38505768835
46.55 0.38474981284
46.6 0.38485569141
46.65 0.38485012754
46.7 0.38479710835
46.75 0.3844942877
46.8 0.38484128199
46.85 0.38524624915
46.9 0.3854475536
46.95 0.38527240329
47 0.38467608019
47.05 0.38421933321
47.1 0.38380238968
47.15 0.38306359662
47.2 0.38369451015
47.25 0.38492807342
47.3 0.3854743152
47.35 0.3864530665
47.4 0.38741584434
47.45 0.38840682807
47.5 0.38962013646
47.55 0.39097033972
47.6 0.39190665318
47.65 0.39220611615
47.7 0.39202266197
47.75 0.39211994737
47.8 0.39248039835
47.85 0.39228762038
47.9 0.39203837289
47.95 0.39177535152
48 0.39267183193
48.05 0.39315037055
48.1 0.39432899666
48.15 0.39542309058
48.2 0.3964091611
48.25 0.39837061999
48.3 0.39926862124
48.35 0.39956781389
48.4 0.40068013526
48.45 0.40162809287
48.5 0.4023875911
48.55 0.40314627116
48.6 0.40400394497
48.65 0.40442318924
48.7 0.40484984201
48.75 0.40509309555
48.8 0.40487232857
48.85 0.40476194874
48.9 0.40447662494
48.95 0.40453402176
49 0.4048145407
49.05 0.40522020426
49.1 0.40539150457
49.15 0.40593561658
49.2 0.40584537336
49.25 0.40567962219
49.3 0.40604803183
49.35 0.4067338839
49.4 0.4072508987
49.45 0.40732761873
49.5 0.4074064354
49.55 0.4080164516
49.6 0.40863230091
49.65 0.40905141963
49.7 0.40897298779
49.75 0.40935295514
49.8 0.40977376505
49.85 0.41040370763
49.9 0.41101785071
49.95 0.41116237981
50 0.41139603229
50.05 0.4113575621
50.1 0.41120611745
50.15 0.41120250159
50.2 0.41084739942
50.25 0.41014139329
50.3 0.40945081168
50.35 0.40885999817
50.4 0.40866365844
50.45 0.40774347795
50.5 0.40716867029
50.55 0.40628788735
50.6 0.40571768516
50.65 0.40563098014
50.7 0.40547275378
50.75 0.40456801547
50.8 0.40412051829
50.85 0.40325020555
50.9 0.40252674368
50.95 0.40228150237
51 0.40226453047
51.05 0.40206331811
51.1 0.40185367378
51.15 0.40094548988
51.2 0.40039066964
51.25 0.39966742632
51.3 0.39945760237
51.35 0.39977397314
51.4 0.40009375108
51.45 0.39955285002
51.5 0.39961457525
51.55 0.39948495565
51.6 0.39945060829
51.65 0.39937603811
51.7 0.39916220235
51.75 0.39917673528
51.8 0.39874375218
51.85 0.39951239316
51.9 0.39964874686
51.95 0.40016383994
52 0.40009698709
52.05 0.40040341218
52.1 0.40040991113
52.15 0.40078856644
52.2 0.40133336128
52.25 0.40121750992
52.3 0.40059951026
52.35 0.4006784242
52.4 0.40078880064
52.45 0.40122075711
52.5 0.4007724345
52.55 0.40001551599
52.6 0.3992632964
52.65 0.39931715826
52.7 0.39957333529
52.75 0.40025880504
52.8 0.39985845326
52.85 0.39959992289
52.9 0.39888362112
52.95 0.39829702442
53 0.39819218093
53.05 0.39804304961
53.1 0.39822579814
53.15 0.39737409809
53.2 0.39682331151
53.25 0.39609227573
53.3 0.3955137578
53.35 0.39526310693
53.4 0.39465563004
53.45 0.39418233057
53.5 0.39367705895
53.55 0.39385742943
53.6 0.39395347402
53.65 0.39458167987
53.7 0.39505111651
53.75 0.3957591223
53.8 0.39733033991
53.85 0.39796018663
53.9 0.39826995659
53.95 0.39838003466
54 0.3981055148
54.05 0.39825908303
54.1 0.39813056053
54.15 0.39791275707
54.2 0.39761528014
54.25 0.39646903262
54.3 0.39616786118
54.35 0.39633636182
54.4 0.39649345617
54.45 0.3968821553
54.5 0.39680590127
54.55 0.39641294065
54.6 0.3961829943
54.65 0.39570563126
54.7 0.39458028479
54.75 0.39348007756
54.8 0.39293427878
54.85 0.39277948674
54.9 0.39223481253
54.95 0.39210997748
55 0.39197909066
55.05 0.39136647997
55.1 0.39070080075
55.15 0.39061027708
55.2 0.39036779019
55.25 0.38994070775
55.3 0.38939299415
55.35 0.38936023461
55.4 0.38903424559
55.45 0.38865916749
55.5 0.38935789257
55.55 0.38992576798
55.6 0.39003080271
55.65 0.38991694641
55.7 0.39027620246
55.75 0.38958182284
55.8 0.38860796006
55.85 0.3881406662
55.9 0.38810670403
55.95 0.3883850438
56 0.38882249426
56.05 0.38857446656
56.1 0.38828399586
56.15 0.38781101109
56.2 0.38764978138
56.25 0.3874250671
56.3 0.38750675887
56.35 0.38792990553
56.4 0.38872216082
56.45 0.38985651728
56.5 0.39072525148
56.55 0.39137301731
56.6 0.3916696296
56.65 0.39177064946
56.7 0.39202268837
56.75 0.3925989555
56.8 0.39314341376
56.85 0.393146411
56.9 0.39375871871
56.95 0.3941630737
57 0.39448975389
57.05 0.39466719078
57.1 0.3937257284
57.15 0.393129901
57.2 0.39282786982
57.25 0.39291113044
57.3 0.39276673814
57.35 0.39319295552
57.4 0.39348269534
57.45 0.39365100472
57.5 0.39401344444
57.55 0.39423018793
57.6 0.39435187186
57.65 0.39368887466
57.7 0.39341890945
57.75 0.39314989853
57.8 0.3926758406
57.85 0.39230681374
57.9 0.39166437925
57.95 0.39101411607
58 0.39063751545
58.05 0.38997299693
58.1 0.38935922357
58.15 0.38898232481
58.2 0.3884848173
58.25 0.38825035352
58.3 0.38756006685
58.35 0.38747150304
58.4 0.38729498509
58.45 0.38702374107
58.5 0.38668758969
58.55 0.38661761751
58.6 0.38648637162
58.65 0.38634768213
58.7 0.38615868276
58.75 0.3859266141
58.8 0.38578096313
58.85 0.38563195159
58.9 0.38522798492
58.95 0.38507851952
59 0.384489462
59.05 0.38432043654
59.1 0.38334831137
59.15 0.38274383951
59.2 0.3818215698
59.25 0.38088639253
59.3 0.38057176588
59.35 0.38094931787
59.4 0.38092820467
59.45 0.38021686125
59.5 0.38009578199
59.55 0.37985899498
59.6 0.37959378556
59.65 0.37927845155
59.7 0.37949044675
59.75 0.37999623655
59.8 0.38046146959
59.85 0.38081856776
59.9 0.38118530428
59.95 0.38235025894
60 0.38346499429
60.05 0.38442443345
60.1 0.38497673903
60.15 0.38481974069
60.2 0.38354781949
60.25 0.38291669465
60.3 0.38275704152
60.35 0.38252299267
60.4 0.38222999526
60.45 0.38199008681
60.5 0.38148519072
60.55 0.38134863769
60.6 0.38142185824
60.65 0.3815079868
60.7 0.38163894717
60.75 0.38169627615
60.8 0.38210485925
60.85 0.38230169231
60.9 0.38238668014
60.95 0.38253809382
61 0.38239022027
61.05 0.38262173985
61.1 0.38261782463
61.15 0.38275211383
61.2 0.38308028538
61.25 0.38332642575
61.3 0.38388167048
61.35 0.38385791231
61.4 0.38421055652
61.45 0.3847482066
61.5 0.38467863679
61.55 0.38432500813
61.6 0.38382318979
61.65 0.3839905478
61.7 0.38413043153
61.75 0.38482827941
61.8 0.38522437161
61.85 0.38506826116
61.9 0.38507350344
61.95 0.38482085322
62 0.38488636218
62.05 0.38572571993
62.1 0.38652950116
62.15 0.38744258348
62.2 0.38798407939
62.25 0.38821157669
62.3 0.38841173973
62.35 0.38860819614
62.4 0.38841595986
62.45 0.38887523143
62.5 0.38864321215
62.55 0.38824989637
62.6 0.38830591179
62.65 0.38824624545
62.7 0.38811978866
62.75 0.38748870802
62.8 0.38798601337
62.85 0.3880179268
62.9 0.3877192987
62.95 0.38733372224
63 0.38620004209
63.05 0.38633769181
63.1 0.38605762192
63.15 0.38546075238
63.2 0.38618062071
63.25 0.38672483967
63.3 0.38718624535
63.35 0.38767228791
63.4 0.38817300285
63.45 0.38913659381
63.5 0.38942465879
63.55 0.38994513804
63.6 0.39033703525
63.65 0.39095537951
63.7 0.39073442297
63.75 0.38989545775
63.8 0.38938622603
63.85 0.38886809431
63.9 0.38839799115
63.95 0.3880807441
64 0.38753685737
64.05 0.38717307116
64.1 0.38702852747
64.15 0.38677292674
64.2 0.38679853638
64.25 0.38649943752
64.3 0.38674545148
64.35 0.38643863814
64.4 0.38639160034
64.45 0.38628896609
64.5 0.38602370017
64.55 0.3862132936
64.6 0.38608414927
64.65 0.38602104236
64.7 0.38633134845
64.75 0.38661580241
64.8 0.38695788578
64.85 0.38648837042
64.9 0.3865178131
64.95 0.38622574884
65 0.38614343233
65.05 0.38594737921
65.1 0.38542458305
65.15 0.38538241982
65.2 0.38528416146
65.25 0.38538593093
65.3 0.38579664474
65.35 0.38603057532
65.4 0.38622459291
65.45 0.38590022676
65.5 0.38575436914
65.55 0.38586160419
65.6 0.38607283591
65.65 0.38638385948
65.7 0.38697102309
65.75 0.38714376414
65.8 0.38699659197
65.85 0.38695029895
65.9 0.38682279445
65.95 0.38635304204
66 0.38624479803
66.05 0.38630056351
66.1 0.38594221665
66.15 0.38579097521
66.2 0.38560034049
66.25 0.385374332
66.3 0.38475837362
66.35 0.38434302158
66.4 0.38390790335
66.45 0.38399195628
66.5 0.38373170851
66.55 0.38353172036
66.6 0.38362864236
66.65 0.38385262579
66.7 0.38391008948
66.75 0.38379434429
66.8 0.38343644531
66.85 0.38305830941
66.9 0.38271609123
66.95 0.38238245308
67 0.38223504846
67.05 0.38242526575
67.1 0.38295029861
67.15 0.38317249954
67.2 0.38343446857
67.25 0.38269333962
67.3 0.3824630303
67.35 0.38187257705
67.4 0.38202409874
67.45 0.38250353691
67.5 0.38276395869
67.55 0.38259111014
67.6 0.38222156219
67.65 0.38194834556
67.7 0.38153683669
67.75 0.38142270939
67.8 0.38128905491
67.85 0.38108990291
67.9 0.38121993948
67.95 0.38184980518
68 0.38206007645
68.05 0.38237592638
68.1 0.38271047674
68.15 0.38297859832
68.2 0.38236053409
68.25 0.38198444155
68.3 0.38181631163
68.35 0.38211448756
68.4 0.38207986022
68.45 0.38224743211
68.5 0.38194643216
68.55 0.38158077593
68.6 0.38117284841
68.65 0.38124940723
68.7 0.38134599665
68.75 0.38167883366
68.8 0.38125964411
68.85 0.3810339807
68.9 0.38095686668
68.95 0.38095989268
69 0.38026870463
69.05 0.37913380477
69.1 0.37810184016
69.15 0.37750245422
69.2 0.37724253366
69.25 0.37711007834
69.3 0.37690885686
69.35 0.37659045573
69.4 0.37635587499
69.45 0.3762724287
69.5 0.37606604889
69.55 0.37550730736
69.6 0.37499998631
69.65 0.37381615896
69.7 0.37314979892
69.75 0.37322960344
69.8 0.37281941894
69.85 0.37258922081
69.9 0.37333220488
69.95 0.37404713153
70 0.37429446357
70.05 0.37509134949
70.1 0.37565972204
70.15 0.37558174029
70.2 0.37528206775
70.25 0.37466766254
70.3 0.37407045745
70.35 0.3741452423
70.4 0.37361589164
70.45 0.37390782554
70.5 0.37443481442
70.55 0.37446412608
70.6 0.37440956103
70.65 0.37443536927
70.7 0.37455403538
70.75 0.37455981025
70.8 0.37435646556
70.85 0.37384918837
70.9 0.37351840248
70.95 0.37357592432
71 0.37361318961
71.05 0.37369058543
71.1 0.37415817438
71.15 0.37492109763
71.2 0.37469219795
71.25 0.3747475168
71.3 0.37521403058
71.35 0.37561168032
71.4 0.37556928025
71.45 0.3754932033
71.5 0.37506773176
71.55 0.3758243759
71.6 0.37575456566
71.65 0.3754085427
71.7 0.37580606778
71.75 0.37660277652
71.8 0.37685233796
71.85 0.37742325382
71.9 0.37823347765
71.95 0.37876599369
72 0.37897382393
72.05 0.37862848261
72.1 0.37879747896
72.15 0.37909233458
72.2 0.37913154243
72.25 0.37915541649
72.3 0.37926033704
72.35 0.37915708124
72.4 0.37974596667
72.45 0.38036186633
72.5 0.38112544543
72.55 0.38234779126
72.6 0.38266155365
72.65 0.38285076559
72.7 0.38289005797
72.75 0.38286651764
72.8 0.38280728812
72.85 0.38275698415
72.9 0.382384741
72.95 0.38161746565
73 0.38094605327
73.05 0.38028466558
73.1 0.37936750369
73.15 0.37918923392
73.2 0.37896701982
73.25 0.37866371349
73.3 0.37756339795
73.35 0.37714610576
73.4 0.3770192146
73.45 0.37619564434
73.5 0.37608113795
73.55 0.37559227016
73.6 0.37522953551
73.65 0.37493370846
73.7 0.37413924798
73.75 0.37341057678
73.8 0.37249084198
73.85 0.37213685547
73.9 0.37209282132
73.95 0.3715194132
74 0.37063596296
74.05 0.36994989336
74.1 0.36920262082
74.15 0.36798615107
74.2 0.3682089924
74.25 0.36840402801
74.3 0.3685235579
74.35 0.36879330719
74.4 0.36852020624
74.45 0.36812230048
74.5 0.3677083434
74.55 0.36709853238
74.6 0.3672221442
74.65 0.36777645701
74.7 0.36775844124
74.75 0.36745870005
74.8 0.36684491213
74.85 0.36638339632
74.9 0.36510302842
74.95 0.36427420089
75 0.36375587935
75.05 0.36280870984
75.1 0.36258457654
75.15 0.36244722004
75.2 0.36215353016
75.25 0.36205954346
75.3 0.36200843736
75.35 0.36206021853
75.4 0.36203329238
75.45 0.36201111708
75.5 0.36187772126
75.55 0.36145314017
75.6 0.36120503032
75.65 0.36145784858
75.7 0.36139808484
75.75 0.3610036551
75.8 0.36030199639
75.85 0.36003414378
75.9 0.36030317801
75.95 0.36009065092
76 0.35985954941
76.05 0.3599648935
76.1 0.35890342543
76.15 0.35827347386
76.2 0.35781259264
76.25 0.35796530526
76.3 0.35811990266
76.35 0.35873931495
76.4 0.35940558547
76.45 0.35968393674
76.5 0.35936904988
76.55 0.35929278614
76.6 0.35853725498
76.65 0.35800593875
76.7 0.35787346181
76.75 0.35839121026
76.8 0.35828624571
76.85 0.35863680821
76.9 0.35904160715
76.95 0.35922903748
77 0.3595261814
77.05 0.35981596808
77.1 0.36031652553
77.15 0.36100883357
77.2 0.36122705434
77.25 0.36054286984
77.3 0.36053628015
77.35 0.36033579785
77.4 0.35983631735
77.45 0.35962900692
77.5 0.35913072811
77.55 0.35934006607
77.6 0.35971084622
77.65 0.35968119149
77.7 0.35987090701
77.75 0.3598151418
77.8 0.36000572556
77.85 0.36025089218
77.9 0.36010745872
77.95 0.35984330221
78 0.35975790276
78.05 0.36033363367
78.1 0.36067493052
78.15 0.36106210508
78.2 0.36121411394
78.25 0.3613113799
78.3 0.36096818266
78.35 0.36120307995
78.4 0.36098715451
78.45 0.36110279021
78.5 0.36131013271
78.55 0.36100615816
78.6 0.36022841742
78.65 0.3594837022
78.7 0.359238115
78.75 0.35952064062
78.8 0.35955308806
78.85 0.35946142102
78.9 0.35926324948
78.95 0.35943219401
79 0.35933314751
79.05 0.35921133637
79.1 0.358998717
79.15 0.35991148551
79.2 0.3604079345
79.25 0.36090028694
79.3 0.36112173885
79.35 0.36132712492
79.4 0.36102056075
79.45 0.36097169349
79.5 0.36128956414
79.55 0.36122266871
79.6 0.36097660538
79.65 0.36085521329
79.7 0.36088795038
79.75 0.36056241409
79.8 0.36019773529
79.85 0.35965347962
79.9 0.35943269521
79.95 0.35959527748
80 0.359281862
80.05 0.35869549623
80.1 0.35775248663
80.15 0.35686987218
80.2 0.3566926328
80.25 0.3561310834
80.3 0.35599398345
80.35 0.35625258115
80.4 0.35669553462
80.45 0.35686784428
80.5 0.35598480774
80.55 0.35481225222
80.6 0.35336742311
80.65 0.3527945173
80.7 0.35235097346
80.75 0.35188333299
80.8 0.35196864328
80.85 0.351832236
80.9 0.35189516979
80.95 0.35281349825
81 0.35362476319
81.05 0.35408694211
81.1 0.35459080809
81.15 0.35525420129
81.2 0.35495205918
81.25 0.35480121521
81.3 0.35477051829
81.35 0.35455795893
81.4 0.35408448757
81.45 0.35342893479
81.5 0.35322869685
81.55 0.35282688161
81.6 0.35263121298
81.65 0.35237311842
81.7 0.3520827438
81.75 0.3512000769
81.8 0.35010516802
81.85 0.34944038777
81.9 0.34873191519
81.95 0.34832384796
82 0.34839994057
82.05 0.34849468005
82.1 0.34818162679
82.15 0.3482887415
82.2 0.34786612723
82.25 0.34796461445
82.3 0.34812050951
82.35 0.3479087569
82.4 0.3477929146
82.45 0.34726735519
82.5 0.34666801211
82.55 0.34573182272
82.6 0.34510399923
82.65 0.34464370538
82.7 0.34438248054
82.75 0.34428311388
82.8 0.34492746519
82.85 0.34519116045
82.9 0.34507950868
82.95 0.34501450808
83 0.34469766095
83.05 0.34433346441
83.1 0.34399427714
83.15 0.34339365212
83.2 0.34361700455
83.25 0.34464203838
83.3 0.34552916545
83.35 0.34582861207
83.4 0.34606936968
83.45 0.34602759799
83.5 0.34630067554
83.55 0.34665902046
83.6 0.34703658622
83.65 0.34694601127
83.7 0.34616558384
83.75 0.34579071431
83.8 0.34529604208
83.85 0.34517295801
83.9 0.34518761911
83.95 0.34536710404
84 0.34613396566
84.05 0.34675390505
84.1 0.34656708201
84.15 0.34693652829
84.2 0.34672981449
84.25 0.34633250777
84.3 0.34609296928
84.35 0.34612833132
84.4 0.34588080954
84.45 0.34634901327
84.5 0.34676075946
84.55 0.34650620172
84.6 0.3460256175
84.65 0.34572055523
84.7 0.34561280792
84.75 0.34534843985
84.8 0.3453179742
84.85 0.34509048857
84.9 0.34448209976
84.95 0.34436981062
85 0.34406563454
85.05 0.34367825327
85.1 0.34295718144
85.15 0.34254526541
85.2 0.34239167573
85.25 0.34198076288
85.3 0.34128766202
85.35 0.3408846119
85.4 0.34016543241
85.45 0.33971671122
85.5 0.3394361962
85.55 0.33988206165
85.6 0.33983504341
85.65 0.3397373809
85.7 0.339781951
85.75 0.33990078408
85.8 0.34024626869
85.85 0.34049823409
85.9 0.34045056544
85.95 0.339763363
86 0.33973731681
86.05 0.33983714936
86.1 0.34003390887
86.15 0.3404357672
86.2 0.34093461882
86.25 0.34153121879
86.3 0.34238603552
86.35 0.34292403082
86.4 0.34396604135
86.45 0.34579811156
86.5 0.34721721994
86.55 0.3482540447
86.6 0.34911877743
86.65 0.34956060214
86.7 0.35020116868
86.75 0.35070039445
86.8 0.35162187306
86.85 0.3523265199
86.9 0.35238564439
86.95 0.35194513201
87 0.35169428712
87.05 0.35144232633
87.1 0.35132104948
87.15 0.35153395018
87.2 0.35152044985
87.25 0.35230659443
87.3 0.35220796203
87.35 0.3520361662
87.4 0.35204477973
87.45 0.35181603169
87.5 0.35127816342
87.55 0.35032495626
87.6 0.34886486807
87.65 0.34753056
87.7 0.34718002815
87.75 0.34675023956
87.8 0.3465001363
87.85 0.34656774946
87.9 0.34632955733
87.95 0.34597253111
88 0.34569847597
88.05 0.34569655747
88.1 0.34540112905
88.15 0.3452349372
88.2 0.34513870901
88.25 0.34526017733
88.3 0.3454115899
88.35 0.34561702303
88.4 0.34565373493
88.45 0.34580610218
88.5 0.34574859765
88.55 0.34585913934
88.6 0.34571801649
88.65 0.34552643413
88.7 0.34544805619
88.75 0.34531067435
88.8 0.3446881165
88.85 0.3438351817
88.9 0.34170957185
88.95 0.34031252486
89 0.33948349813
89.05 0.3391411667
89.1 0.33881358348
89.15 0.33801024541
89.2 0.3372038973
89.25 0.33682387182
89.3 0.33681781449
89.35 0.33649231542
89.4 0.33610612318
89.45 0.33565148709
89.5 0.3352051137
89.55 0.33492166389
89.6 0.3353466496
89.65 0.33577328859
89.7 0.3357378448
89.75 0.33602340301
89.8 0.33695397328
89.85 0.33779023134
89.9 0.33812673531
89.95 0.33804059276
90 0.33816979929
90.05 0.33829473492
90.1 0.33802947817
90.15 0.33828465625
90.2 0.33830087765
90.25 0.33786635246
90.3 0.33744007366
90.35 0.33736014422
90.4 0.33742595349
90.45 0.3372775005
90.5 0.33695806919
90.55 0.33666744278
90.6 0.33715134416
90.65 0.33748537847
90.7 0.33792747521
90.75 0.33818178193
90.8 0.33843274611
90.85 0.33859394801
90.9 0.3393153094
90.95 0.3400640157
91 0.34067627595
91.05 0.34141829524
91.1 0.34230503076
91.15 0.34304161404
91.2 0.34388609413
91.25 0.34462241318
91.3 0.34548813029
91.35 0.34651320706
91.4 0.34762892808
91.45 0.34865896778
91.5 0.34964438669
91.55 0.35076858656
91.6 0.35171414309
91.65 0.3526401731
91.7 0.3538530016
91.75 0.35454219769
91.8 0.35453402429
91.85 0.354657614
91.9 0.3548420559
91.95 0.35483936277
92 0.355126332
92.05 0.35514653982
92.1 0.3549744156
92.15 0.35486351429
92.2 0.35469046601
92.25 0.35456044366
92.3 0.35435645954
92.35 0.35484855892
92.4 0.35538718763
92.45 0.35556887504
92.5 0.35496632771
92.55 0.35462060634
92.6 0.35398198521
92.65 0.35361189567
92.7 0.3533693276
92.75 0.35366295479
92.8 0.3543699961
92.85 0.35536614539
92.9 0.3555107223
92.95 0.35569584
93 0.35602837726
93.05 0.35636340823
93.1 0.35689465537
93.15 0.35735727552
93.2 0.35701706757
93.25 0.35715611544
93.3 0.35764100626
93.35 0.35804745303
93.4 0.35830755656
93.45 0.35812495596
93.5 0.35819156666
93.55 0.35810021279
93.6 0.35780377194
93.65 0.35774366811
93.7 0.3576718975
93.75 0.35790768675
93.8 0.35762778526
93.85 0.35785530566
93.9 0.35802980111
93.95 0.35814362411
94 0.35812099479
94.05 0.35866897257
94.1 0.35906921811
94.15 0.35950873132
94.2 0.35935195172
94.25 0.35922550292
94.3 0.3595918793
94.35 0.35952838553
94.4 0.35884219389
94.45 0.35805820139
94.5 0.35761130119
94.55 0.35762370167
94.6 0.3573567401
94.65 0.35747138965
94.7 0.35749827377
94.75 0.35749585305
94.8 0.35708126968
94.85 0.35653465238
94.9 0.35619987694
94.95 0.35577365037
95 0.35593865012
95.05 0.35620655366
95.1 0.35650475972
95.15 0.35659206353
95.2 0.35705406871
95.25 0.35761407964
95.3 0.35799336314
95.35 0.35848591235
95.4 0.35894193119
95.45 0.35886231026
95.5 0.35888417625
95.55 0.35910049866
95.6 0.35940458348
95.65 0.36002703986
95.7 0.36072725342
95.75 0.36114005097
95.8 0.36143240802
95.85 0.36211904577
95.9 0.36289224287
95.95 0.36367301764
96 0.36411025144
96.05 0.36437674824
96.1 0.36393177708
96.15 0.36331846929
96.2 0.3628373648
96.25 0.3624916446
96.3 0.36248231231
96.35 0.36227405697
96.4 0.36154805064
96.45 0.36143367539
96.5 0.36133406814
96.55 0.36123377862
96.6 0.36096701598
96.65 0.36045759351
96.7 0.36038039957
96.75 0.36050390934
96.8 0.36020016871
96.85 0.35989712884
96.9 0.35974558973
96.95 0.35919523718
97 0.35884086813
97.05 0.35916670772
97.1 0.35920496643
97.15 0.35960800655
97.2 0.36002544714
97.25 0.35964561374
97.3 0.35961761375
97.35 0.35974196258
97.4 0.35999886882
97.45 0.35985545497
97.5 0.35998607124
97.55 0.36027747106
97.6 0.36065661781
97.65 0.36126383828
97.7 0.36102922242
97.75 0.36079500656
97.8 0.35985739241
97.85 0.35879739693
97.9 0.35761333452
97.95 0.35706998153
98 0.35691835675
98.05 0.35695377818
98.1 0.35645007697
98.15 0.35612037898
98.2 0.35589766894
98.25 0.35546346271
98.3 0.35569585933
98.35 0.35548712923
98.4 0.35539606847
98.45 0.35569086593
98.5 0.35585393679
98.55 0.35604247487
98.6 0.356340226
98.65 0.35678367698
98.7 0.35675030266
98.75 0.35696951561
98.8 0.35867420631
98.85 0.35997139991
98.9 0.36114528756
98.95 0.36220290297
99 0.3626220299
99.05 0.36302469567
99.1 0.36323506773
99.15 0.36366697365
99.2 0.36390659696
99.25 0.36409260984
99.3 0.3646256129
99.35 0.36463873525
99.4 0.36482590062
99.45 0.36504162724
99.5 0.36504460323
99.55 0.36518218329
99.6 0.36570865664
99.65 0.36561543918
99.7 0.36595386399
99.75 0.36636045787
99.8 0.36667064617
99.85 0.36644758514
99.9 0.36640320523
99.95 0.36607840226
100 0.36598552458
