0 0.03731349197
0.05 0.04634321785
0.1 0.05697285096
0.15 0.06914015242
0.2 0.0826891434000001
0.25 0.09729858673
0.3 0.11247406655
0.35 0.12794160176
0.4 0.1434174629
0.45 0.1585581294
0.5 0.17311132971
0.55 0.18690208067
0.6 0.19995597507
0.65 0.212216586
0.7 0.22361194395
0.75 0.23445054029
0.8 0.2445556197
0.85 0.25393550429
0.9 0.26240759804
0.95 0.27023097491
1 0.2775422552
1.05 0.2842459889
1.1 0.29045240067
1.15 0.29626227536
1.2 0.30178766767
1.25 0.30675147821
1.3 0.31144920912
1.35 0.31558049959
1.4 0.31902384567
1.45 0.32196972826
1.5 0.32459295869
1.55 0.32665097175
1.6 0.32833504013
1.65 0.32980051089
1.7 0.33087189503
1.75 0.33155470276
1.8 0.33198344146
1.85 0.33191690273
1.9 0.33148494481
1.95 0.33092782498
2 0.33020213789
2.05 0.32938046356
2.1 0.32853600287
2.15 0.32760193376
2.2 0.32639196803
2.25 0.32515232397
2.3 0.32408339656
2.35 0.32278438424
2.4 0.32136973504
2.45 0.31996034265
2.5 0.31853263135
2.55 0.31722645916
2.6 0.31590960302
2.65 0.31462337757
2.7 0.31328349226
2.75 0.31198201078
2.8 0.31039588147
2.85 0.30878725227
2.9 0.30709723204
2.95 0.30553299024
3 0.30380745078
3.05 0.30195693877
3.1 0.29999042492
3.15 0.29792074189
3.2 0.29580770747
3.25 0.29362242443
3.3 0.29131691551
3.35 0.28906885232
3.4 0.28667435077
3.45 0.28430739484
3.5 0.28181359158
3.55 0.27929829504
3.6 0.27698797559
3.65 0.27467169203
3.7 0.27255988742
3.75 0.27050331245
3.8 0.26855179515
3.85 0.26662416121
3.9 0.2646312046
3.95 0.26274509991
4 0.26109762288
4.05 0.25949018728
4.1 0.25790040837
4.15 0.25604359289
4.2 0.25415792195
4.25 0.25223731749
4.3 0.25029129732
4.35 0.24841634793
4.4 0.24653792124
4.45 0.2447072457
4.5 0.24276125556
4.55 0.24078880055
4.6 0.23906926633
4.65 0.2376176523
4.7 0.23616848624
4.75 0.23481794406
4.8 0.23329940457
4.85 0.23154931368
4.9 0.22988794439
4.95 0.22827606509
5 0.22662225752
5.05 0.22508174168
5.1 0.22374944923
5.15 0.22236694025
5.2 0.22142843072
5.25 0.22027961685
5.3 0.21926664804
5.35 0.21819472768
5.4 0.21729117755
5.45 0.21622454571
5.5 0.21520051427
5.55 0.21403729865
5.6 0.21283275002
5.65 0.21155837045
5.7 0.21028426103
5.75 0.20899158307
5.8 0.20768704598
5.85 0.20646209054
5.9 0.20555788137
5.95 0.20465671035
6 0.20378408836
6.05 0.20274898082
6.1 0.20178172505
6.15 0.2007272297
6.2 0.19954635297
6.25 0.19842249501
6.3 0.19736529622
6.35 0.19656437543
6.4 0.1956848471
6.45 0.19475701043
6.5 0.1937007445
6.55 0.19268111338
6.6 0.19176130692
6.65 0.19088721922
6.7 0.19006635044
6.75 0.18916851647
6.8 0.18823942326
6.85 0.18736667324
6.9 0.18637574075
6.95 0.18537400845
7 0.18428440622
7.05 0.18336888649
7.1 0.18243560491
7.15 0.18154524333
7.2 0.1809511553
7.25 0.18051628384
7.3 0.1800613911
7.35 0.17966024149
7.4 0.17926516146
7.45 0.17903339555
7.5 0.17867382493
7.55 0.17847665727
7.6 0.17827513829
7.65 0.17787570509
7.7 0.17738686891
7.75 0.17692666059
7.8 0.17631120044
7.85 0.17572686652
7.9 0.17524341382
7.95 0.17476643981
8 0.17421765523
8.05 0.17381148298
8.1 0.17344299949
8.15 0.17297786145
8.2 0.17246171605
8.25 0.17180168044
8.3 0.1711389221
8.35 0.17045652342
8.4 0.16958260154
8.45 0.16883236389
8.5 0.16825396386
8.55 0.16777303031
8.6 0.16734970239
8.65 0.1668526145
8.7 0.16637476859
8.75 0.1658315276
8.8 0.16523713694
8.85 0.1647194838
8.9 0.16436303916
8.95 0.16376183234
9 0.16339821546
9.05 0.16289767651
9.1 0.16253161626
9.15 0.16219724889
9.2 0.16197296321
9.25 0.16164569846
9.3 0.16135602284
9.35 0.16089712831
9.4 0.16072411765
9.45 0.16070458694
9.5 0.16064881021
9.55 0.16060499307
9.6 0.1606689381
9.65 0.16068248751
9.7 0.16071346274
9.75 0.1606180598
9.8 0.16068299605
9.85 0.16080693796
9.9 0.1608808521
9.95 0.16083873919
10 0.16068913015
10.05 0.16061245486
10.1 0.16052356117
10.15 0.16059214375
10.2 0.16052284818
10.25 0.16043597231
10.3 0.16033937014
10.35 0.16017134559
10.4 0.15984121806
10.45 0.15951078191
10.5 0.15913759154
10.55 0.15880845696
10.6 0.15851309877
10.65 0.15833058393
10.7 0.15806865139
10.75 0.15755324751
10.8 0.15686238131
10.85 0.15625497624
10.9 0.15583259078
10.95 0.15553947137
11 0.15523091227
11.05 0.15489026239
11.1 0.15462886101
11.15 0.15448074137
11.2 0.15450752768
11.25 0.15450331382
11.3 0.1544109273
11.35 0.15424457132
11.4 0.15401774988
11.45 0.15365629645
11.5 0.15330596706
11.55 0.15299645224
11.6 0.15262760634
11.65 0.15245964492
11.7 0.15237806215
11.75 0.15240424968
11.8 0.15233304446
11.85 0.15219024741
11.9 0.15197622934
11.95 0.15161809322
12 0.15129697283
12.05 0.15101892107
12.1 0.15086428799
12.15 0.15071810603
12.2 0.150510623
12.25 0.15023467747
12.3 0.15007056291
12.35 0.14988882808
12.4 0.14971421789
12.45 0.14951712872
12.5 0.14938825534
12.55 0.14929076244
12.6 0.14912962668
12.65 0.14857615646
12.7 0.14813118296
12.75 0.14784275777
12.8 0.14753298014
12.85 0.14737375046
12.9 0.14699873378
12.95 0.14661188837
13 0.14603253023
13.05 0.14564267607
13.1 0.14565845235
13.15 0.14540964388
13.2 0.14527056103
13.25 0.14523778607
13.3 0.14511585704
13.35 0.14493216963
13.4 0.144936311
13.45 0.14507126252
13.5 0.14523392734
13.55 0.14555956981
13.6 0.14581511012
13.65 0.14609773741
13.7 0.14626376253
13.75 0.14655272108
13.8 0.14673632892
13.85 0.1468172052
13.9 0.14692033796
13.95 0.14703891731
14 0.14725782863
14.05 0.14754779155
14.1 0.1477646867
14.15 0.14779710018
14.2 0.14793705509
14.25 0.14814375091
14.3 0.14822488779
14.35 0.14834639682
14.4 0.14844838248
14.45 0.14847020464
14.5 0.1484986196
14.55 0.14832705575
14.6 0.14828181991
14.65 0.14820710111
14.7 0.14823850095
14.75 0.1483768213
14.8 0.14840018199
14.85 0.1484314152
14.9 0.1484552945
14.95 0.14840767011
15 0.14837608301
15.05 0.14818680848
15.1 0.14810564164
15.15 0.14814118007
15.2 0.14810429451
15.25 0.14816772837
15.3 0.14823713215
15.35 0.14830501559
15.4 0.14828706362
15.45 0.14827431231
15.5 0.14818904793
15.55 0.14812143948
15.6 0.14799932632
15.65 0.14788491408
15.7 0.14772121781
15.75 0.14750514045
15.8 0.14735491428
15.85 0.14740807737
15.9 0.14726044323
15.95 0.14716856705
16 0.14709229541
16.05 0.14694490657
16.1 0.14689804556
16.15 0.1469321262
16.2 0.14714920728
16.25 0.14742112229
16.3 0.14755922652
16.35 0.14782802125
16.4 0.14809310949
16.45 0.14822884671
16.5 0.14828665299
16.55 0.14827756168
16.6 0.14816506647
16.65 0.14825277894
16.7 0.14822848124
16.75 0.14805924008
16.8 0.14786103922
16.85 0.14769706667
16.9 0.14757502802
16.95 0.14764458072
17 0.14770487837
17.05 0.14799751519
17.1 0.14813325159
17.15 0.14827354579
17.2 0.14846053917
17.25 0.14844974803
17.3 0.14836732957
17.35 0.14822367956
17.4 0.14812403359
17.45 0.1482903235
17.5 0.1486119456
17.55 0.14898212137
17.6 0.14932293438
17.65 0.14942430609
17.7 0.14954808867
17.75 0.14971025213
17.8 0.14976301367
17.85 0.14991522825
17.9 0.14990929472
17.95 0.1501655262
18 0.15045295904
18.05 0.15044354481
18.1 0.15048324903
18.15 0.15042599471
18.2 0.15012491641
18.25 0.15000307593
18.3 0.14993784812
18.35 0.14981820337
18.4 0.14990582597
18.45 0.14990943175
18.5 0.1494191607
18.55 0.14911472773
18.6 0.1488742798
18.65 0.14849741599
18.7 0.14798686141
18.75 0.14776127764
18.8 0.1477532523
18.85 0.14782632906
18.9 0.14804707901
18.95 0.14822598035
19 0.14827249519
19.05 0.14831517374
19.1 0.14818007186
19.15 0.1480737964
19.2 0.14783168102
19.25 0.14770989136
19.3 0.14758324144
19.35 0.14753671785
19.4 0.1475730537
19.45 0.14757001556
19.5 0.14770813451
19.55 0.14797464653
19.6 0.14793264041
19.65 0.14780876375
19.7 0.14770778818
19.75 0.14762145003
19.8 0.14737356265
19.85 0.14717980482
19.9 0.14710123924
19.95 0.14702739972
20 0.14695611247
20.05 0.14696159658
20.1 0.14688370686
20.15 0.14681300276
20.2 0.14673818372
20.25 0.14675710098
20.3 0.14675475923
20.35 0.14683051934
20.4 0.1469334651
20.45 0.14701160114
20.5 0.14706915211
20.55 0.14708207647
20.6 0.1470092406
20.65 0.14693829267
20.7 0.14695668798
20.75 0.14705718668
20.8 0.14710050081
20.85 0.1471232968
20.9 0.14696793817
20.95 0.14693745521
21 0.14677470627
21.05 0.14653126084
21.1 0.14633473028
21.15 0.14617185965
21.2 0.14589055
21.25 0.14566993121
21.3 0.14559980354
21.35 0.1455356927
21.4 0.14550030881
21.45 0.14544264769
21.5 0.14559555145
21.55 0.14565807862
21.6 0.14571864245
21.65 0.14578140907
21.7 0.14593019474
21.75 0.14606408478
21.8 0.14617992046
21.85 0.14626011124
21.9 0.14631188522
21.95 0.14631837726
22 0.1462476389
22.05 0.14619538064
22.1 0.14615565225
22.15 0.14595653279
22.2 0.14569133131
22.25 0.14544990683
22.3 0.14534816352
22.35 0.14535136759
22.4 0.14515958137
22.45 0.14488929375
22.5 0.14493378086
22.55 0.14498501248
22.6 0.14519676745
22.65 0.145320616
22.7 0.14544038355
22.75 0.14555155443
22.8 0.14581599878
22.85 0.14603648077
22.9 0.14616578116
22.95 0.14619396392
23 0.14628391928
23.05 0.14647878571
23.1 0.14657218371
23.15 0.1466280658
23.2 0.14685734447
23.25 0.14703593933
23.3 0.14703582698
23.35 0.14705019762
23.4 0.14712603029
23.45 0.1473238656
23.5 0.14760669089
23.55 0.14785057393
23.6 0.14809423661
23.65 0.14840157084
23.7 0.14870437568
23.75 0.14872493182
23.8 0.14892886298
23.85 0.1491325097
23.9 0.1492548007
23.95 0.14946015787
24 0.14955544545
24.05 0.14957678017
24.1 0.14958364541
24.15 0.14952878351
24.2 0.14940922973
24.25 0.14922820283
24.3 0.14899316797
24.35 0.14886635925
24.4 0.14876022937
24.45 0.14850528706
24.5 0.14831024852
24.55 0.14807886276
24.6 0.1478052173
24.65 0.14776234717
24.7 0.14754483151
24.75 0.14709830897
24.8 0.14672167509
24.85 0.1463987989
24.9 0.14602706236
24.95 0.14587003881
25 0.14589361038
25.05 0.14595006664
25.1 0.14617792997
25.15 0.14648686191
25.2 0.14687718628
25.25 0.14713311453
25.3 0.14728872808
25.35 0.14734668856
25.4 0.14732762715
25.45 0.14733652296
25.5 0.14754161254
25.55 0.14786682391
25.6 0.14825736122
25.65 0.14850286171
25.7 0.14876378528
25.75 0.14900631848
25.8 0.14917146148
25.85 0.14933661823
25.9 0.14945648582
25.95 0.14966041925
26 0.14986050334
26.05 0.14987214107
26.1 0.14989342503
26.15 0.14965934656
26.2 0.14947495756
26.25 0.14924368336
26.3 0.14934134995
26.35 0.14937268889
26.4 0.14948382072
26.45 0.14956958482
26.5 0.14955746094
26.55 0.14955926464
26.6 0.14967388321
26.65 0.14962082301
26.7 0.14962902735
26.75 0.14980867042
26.8 0.14991129051
26.85 0.14975076942
26.9 0.14954698955
26.95 0.14970357954
27 0.14978697722
27.05 0.14979981844
27.1 0.14991950113
27.15 0.15015072791
27.2 0.15034261249
27.25 0.15051886508
27.3 0.15057881371
27.35 0.15052793741
27.4 0.15032609543
27.45 0.15026826284
27.5 0.15039138611
27.55 0.15062189786
27.6 0.15087036
27.65 0.15109883644
27.7 0.15128167144
27.75 0.15137853012
27.8 0.15140650416
27.85 0.1514569723
27.9 0.15177245742
27.95 0.15186216155
28 0.15182581436
28.05 0.15198490962
28.1 0.15214849764
28.15 0.15212448171
28.2 0.1522092546
28.25 0.15227669784
28.3 0.15234671829
28.35 0.15237800758
28.4 0.15240991363
28.45 0.15227598325
28.5 0.15217820349
28.55 0.15234210291
28.6 0.15277141813
28.65 0.15296566204
28.7 0.15307926625
28.75 0.15326235897
28.8 0.15339546813
28.85 0.15350997597
28.9 0.15346134239
28.95 0.15358512935
29 0.15343186632
29.05 0.15323881265
29.1 0.15318440862
29.15 0.15314759046
29.2 0.15318636195
29.25 0.15321669555
29.3 0.15348385323
29.35 0.15367753449
29.4 0.15387614136
29.45 0.15413237694
29.5 0.15432504668
29.55 0.154490084
29.6 0.1546253167
29.65 0.15457698081
29.7 0.15476648345
29.75 0.15498114044
29.8 0.155193473
29.85 0.15540315023
29.9 0.15550886811
29.95 0.15560684766
30 0.15569192222
30.05 0.15570406669
30.1 0.15563919625
30.15 0.1556581496
30.2 0.15576591172
30.25 0.15577813274
30.3 0.15586959129
30.35 0.15585929484
30.4 0.15566178515
30.45 0.15548825642
30.5 0.15540086878
30.55 0.15559304413
30.6 0.15584960141
30.65 0.15632556241
30.7 0.15670624597
30.75 0.15707129683
30.8 0.1572836342
30.85 0.15727750218
30.9 0.15735623781
30.95 0.15748578127
31 0.15741907504
31.05 0.15733957613
31.1 0.15727742518
31.15 0.15711359362
31.2 0.15700657815
31.25 0.15692467021
31.3 0.15678497041
31.35 0.15657771292
31.4 0.15649190938
31.45 0.15656182068
31.5 0.15658642051
31.55 0.1566017256
31.6 0.15644152516
31.65 0.15622734412
31.7 0.15568784186
31.75 0.15513391348
31.8 0.15469547435
31.85 0.15442247893
31.9 0.15406550102
31.95 0.15381175219
32 0.15356056783
32.05 0.15346480159
32.1 0.15339016914
32.15 0.15333069062
32.2 0.15328333553
32.25 0.15341236047
32.3 0.15345825697
32.35 0.15356208553
32.4 0.15357042241
32.45 0.15357205861
32.5 0.15365186499
32.55 0.15355665311
32.6 0.15340387982
32.65 0.15334869388
32.7 0.15339321467
32.75 0.15343742589
32.8 0.15342266074
32.85 0.15330456643
32.9 0.15320532408
32.95 0.15295752572
33 0.15269943931
33.05 0.15230367651
33.1 0.15190006824
33.15 0.15148637034
33.2 0.15122340056
33.25 0.15114270032
33.3 0.15108573956
33.35 0.15112849748
33.4 0.15124455793
33.45 0.15133130259
33.5 0.15130745696
33.55 0.15136651466
33.6 0.15147482207
33.65 0.15138720961
33.7 0.1513609453
33.75 0.15142711062
33.8 0.15154194234
33.85 0.15147095942
33.9 0.15140537878
33.95 0.15134374618
34 0.15128644374
34.05 0.15155985848
34.1 0.15177343829
34.15 0.15200277921
34.2 0.15211185411
34.25 0.15237973263
34.3 0.15260844183
34.35 0.15293471107
34.4 0.15337619653
34.45 0.15382083547
34.5 0.15416354401
34.55 0.15445296541
34.6 0.15477209575
34.65 0.15487573126
34.7 0.15496439812
34.75 0.1548829914
34.8 0.15482201878
34.85 0.15483540522
34.9 0.154779182
34.95 0.15473427893
35 0.15468743948
35.05 0.15457796321
35.1 0.15466104979
35.15 0.15474272105
35.2 0.15482411907
35.25 0.15489671507
35.3 0.15478747017
35.35 0.15479024016
35.4 0.15478682126
35.45 0.15477274695
35.5 0.15491331435
35.55 0.15494492764
35.6 0.1547442241
35.65 0.15466736956
35.7 0.1545140081
35.75 0.15438238698
35.8 0.1542658785
35.85 0.15422789162
35.9 0.15420081191
35.95 0.15408602301
36 0.15409503492
36.05 0.15415579936
36.1 0.15433495516
36.15 0.15448232536
36.2 0.15461783445
36.25 0.15473863752
36.3 0.15484323016
36.35 0.1548202834
36.4 0.15496817183
36.45 0.15517574629
36.5 0.15518302064
36.55 0.15505862882
36.6 0.15486397243
36.65 0.1547182454
36.7 0.15451512227
36.75 0.15435695746
36.8 0.15430468015
36.85 0.1540562448
36.9 0.15402068994
36.95 0.15405569378
37 0.15392875798
37.05 0.1538038967
37.1 0.15383701448
37.15 0.15386363532
37.2 0.15386495968
37.25 0.15405436608
37.3 0.15419864637
37.35 0.15425231309
37.4 0.15418449503
37.45 0.15414163146
37.5 0.15410170505
37.55 0.15395762147
37.6 0.1540764672
37.65 0.15415137753
37.7 0.15445187734
37.75 0.15473547467
37.8 0.15495203131
37.85 0.15482510079
37.9 0.1547037605
37.95 0.15465892258
38 0.15466945307
38.05 0.15448767476
38.1 0.15445302064
38.15 0.15460839032
38.2 0.15473596297
38.25 0.1549426801
38.3 0.15532212329
38.35 0.15552888059
38.4 0.15580109246
38.45 0.15594766774
38.5 0.15599159465
38.55 0.15617612991
38.6 0.15626227488
38.65 0.15633554138
38.7 0.15640738744
38.75 0.15647759824
38.8 0.15654442887
38.85 0.15658126646
38.9 0.15670430555
38.95 0.15683091337
39 0.15719525168
39.05 0.1576778441
39.1 0.15828248097
39.15 0.15879911576
39.2 0.15930450629
39.25 0.15964956867
39.3 0.16001737074
39.35 0.16014630888
39.4 0.16020161406
39.45 0.16036272755
39.5 0.16043551088
39.55 0.1603258308
39.6 0.16023669142
39.65 0.16006672427
39.7 0.15984012611
39.75 0.15956033312
39.8 0.1593307037
39.85 0.15904088294
39.9 0.15871087162
39.95 0.15825986136
40 0.15805058045
40.05 0.15806432037
40.1 0.15796200223
40.15 0.15816811374
40.2 0.15834622868
40.25 0.1584988208
40.3 0.15845113003
40.35 0.15850742973
40.4 0.1585127572
40.45 0.15835591265
40.5 0.15830490109
40.55 0.15799121639
40.6 0.15784646419
40.65 0.15763898318
40.7 0.15748563139
40.75 0.15744668825
40.8 0.15742623112
40.85 0.15740922037
40.9 0.15747463912
40.95 0.1576378372
41 0.15776229476
41.05 0.15778215997
41.1 0.15780885858
41.15 0.15772693825
41.2 0.15772877216
41.25 0.15770315353
41.3 0.15768431247
41.35 0.15768091934
41.4 0.15770124162
41.45 0.1577553153
41.5 0.15766315853
41.55 0.15765697167
41.6 0.15785100183
41.65 0.15795918473
41.7 0.15807061482
41.75 0.15826328461
41.8 0.1584141382
41.85 0.15846453832
41.9 0.15851501677
41.95 0.15862455424
42 0.15863737706
42.05 0.1586479799
42.1 0.15843947698
42.15 0.15810528905
42.2 0.15801948059
42.25 0.15771365718
42.3 0.15756895941
42.35 0.157456969
42.4 0.15737415983
42.45 0.15720988436
42.5 0.1569965224
42.55 0.15672992633
42.6 0.1565879321
42.65 0.15636402032
42.7 0.15598764188
42.75 0.15560535156
42.8 0.15505330563
42.85 0.15450186869
42.9 0.15403010584
42.95 0.1536654892
43 0.1531911209
43.05 0.15278908058
43.1 0.15251383869
43.15 0.15228254216
43.2 0.15213320376
43.25 0.15201365776
43.3 0.15198705586
43.35 0.15186285192
43.4 0.15175102143
43.45 0.15167235529
43.5 0.15153994018
43.55 0.15127461032
43.6 0.15114666372
43.65 0.15105823824
43.7 0.15092565666
43.75 0.15075385311
43.8 0.15070718562
43.85 0.15073188149
43.9 0.15059129287
43.95 0.15053423076
44 0.15019845369
44.05 0.15004359897
44.1 0.14984603891
44.15 0.14962673518
44.2 0.1493866607
44.25 0.14923136694
44.3 0.1491374792
44.35 0.1491157139
44.4 0.14902025861
44.45 0.14888893848
44.5 0.14870353879
44.55 0.14874237634
44.6 0.14868635084
44.65 0.14875633579
44.7 0.14883686543
44.75 0.14892027866
44.8 0.1490776624
44.85 0.14921773914
44.9 0.14924749305
44.95 0.14928678633
45 0.14931662555
45.05 0.14954344709
45.1 0.14975947041
45.15 0.15011615166
45.2 0.15070947887
45.25 0.15120901945
45.3 0.1513593527
45.35 0.15143419525
45.4 0.15151681815
45.45 0.15169495011
45.5 0.151842842
45.55 0.15204380014
45.6 0.15195618271
45.65 0.15169999123
45.7 0.15154201842
45.75 0.15124625972
45.8 0.1511488921
45.85 0.151193427
45.9 0.15118037525
45.95 0.15120819713
46 0.15153187694
46.05 0.15191591393
46.1 0.15216820173
46.15 0.15217018557
46.2 0.15208208633
46.25 0.15200654785
46.3 0.15197803507
46.35 0.15200679255
46.4 0.15203012795
46.45 0.15226102341
46.5 0.15232534967
46.55 0.15251904303
46.6 0.15276724001
46.65 0.15325530005
46.7 0.15362403508
46.75 0.1539901755
46.8 0.15436568763
46.85 0.15469289995
46.9 0.15498310409
46.95 0.15528572603
47 0.15556499288
47.05 0.15575992128
47.1 0.15593935746
47.15 0.15618215824
47.2 0.15640241735
47.25 0.15649604047
47.3 0.15653065722
47.35 0.15661842723
47.4 0.15663050775
47.45 0.15682540493
47.5 0.1567545637
47.55 0.15672805738
47.6 0.1567044576
47.65 0.15670226776
47.7 0.15669210347
47.75 0.15669894212
47.8 0.15662280094
47.85 0.15646449021
47.9 0.15641614593
47.95 0.15628956248
48 0.15610061076
48.05 0.15605167972
48.1 0.15576660589
48.15 0.15531631307
48.2 0.15496790678
48.25 0.15469413816
48.3 0.15438245104
48.35 0.15396140525
48.4 0.15350539689
48.45 0.15299342743
48.5 0.1525475568
48.55 0.15207304357
48.6 0.15168252781
48.65 0.15147344826
48.7 0.15142356007
48.75 0.15130912721
48.8 0.15102087667
48.85 0.15091496793
48.9 0.15060198899
48.95 0.15034894479
49 0.15014226937
49.05 0.14971152749
49.1 0.14928089395
49.15 0.14904322303
49.2 0.14878457962
49.25 0.14867830573
49.3 0.14825594757
49.35 0.14786576494
49.4 0.14756676395
49.45 0.14718099605
49.5 0.14696359577
49.55 0.1468265795
49.6 0.14665552538
49.65 0.14662213017
49.7 0.14680776775
49.75 0.1468888621
49.8 0.14704400261
49.85 0.14719504047
49.9 0.14716119942
49.95 0.14698915075
50 0.14674788465
50.05 0.14657610358
50.1 0.14638640734
50.15 0.14622667858
50.2 0.14601034253
50.25 0.14580928063
50.3 0.14563329602
50.35 0.14551267799
50.4 0.14544304332
50.45 0.14525183582
50.5 0.14519735347
50.55 0.14510740436
50.6 0.14512694136
50.65 0.1451586091
50.7 0.14519815956
50.75 0.1453134387
50.8 0.14536547576
50.85 0.14548648524
50.9 0.14542698594
50.95 0.14551871245
51 0.14584646071
51.05 0.14602416521
51.1 0.14608334061
51.15 0.14616336643
51.2 0.14619489786
51.25 0.14609654943
51.3 0.14611908965
51.35 0.14633504885
51.4 0.1465569426
51.45 0.14675387601
51.5 0.14702458629
51.55 0.14725915841
51.6 0.14740490703
51.65 0.14754359008
51.7 0.14758819896
51.75 0.1477234959
51.8 0.14785435569
51.85 0.14778333584
51.9 0.14781578512
51.95 0.14776075363
52 0.14773841508
52.05 0.14787996776
52.1 0.14798998851
52.15 0.14819544151
52.2 0.1482221066
52.25 0.14826935398
52.3 0.14835056837
52.35 0.14834900492
52.4 0.14832822511
52.45 0.14832654878
52.5 0.14825908315
52.55 0.14830653869
52.6 0.14842259479
52.65 0.14851638603
52.7 0.14851517809
52.75 0.14851025347
52.8 0.1485009267
52.85 0.14841769681
52.9 0.14831375446
52.95 0.14806130053
53 0.14758593552
53.05 0.14702759728
53.1 0.14664699594
53.15 0.14633370795
53.2 0.14598389443
53.25 0.14570534323
53.3 0.14548215632
53.35 0.14514175344
53.4 0.144868405
53.45 0.14471508247
53.5 0.14466348401
53.55 0.14461234768
53.6 0.14458157265
53.65 0.14449376065
53.7 0.14440809095
53.75 0.1444322588
53.8 0.1445444347
53.85 0.14463890582
53.9 0.14474358488
53.95 0.14476101162
54 0.14483507173
54.05 0.14480783586
54.1 0.14470467661
54.15 0.14460967002
54.2 0.1445455507
54.25 0.14438687471
54.3 0.14426581801
54.35 0.14416263496
54.4 0.1441825761
54.45 0.14404312766
54.5 0.14384002417
54.55 0.14367775961
54.6 0.14355005725
54.65 0.14333825635
54.7 0.14300515076
54.75 0.14269482021
54.8 0.14244802684
54.85 0.14234165837
54.9 0.14235232573
54.95 0.14241751895
55 0.14249279706
55.05 0.14263728765
55.1 0.14285941244
55.15 0.14299150735
55.2 0.1432851351
55.25 0.14372896289
55.3 0.14423425706
55.35 0.14478464675
55.4 0.1453535588
55.45 0.1456852233
55.5 0.14606638975
55.55 0.14641929811
55.6 0.14659439123
55.65 0.1467796045
55.7 0.14697592185
55.75 0.1472508408
55.8 0.14750506074
55.85 0.14765086803
55.9 0.14780044999
55.95 0.14794499092
56 0.14808359466
56.05 0.1481167558
56.1 0.14832713628
56.15 0.14841511295
56.2 0.14850729621
56.25 0.14867112548
56.3 0.14862126703
56.35 0.14848210297
56.4 0.14837983485
56.45 0.14830200618
56.5 0.14806153015
56.55 0.14785238027
56.6 0.14771371505
56.65 0.14782412678
56.7 0.14794587746
56.75 0.14805602472
56.8 0.14798169076
56.85 0.14783954093
56.9 0.14771208602
56.95 0.14769482423
57 0.14768380369
57.05 0.14766395013
57.1 0.14773178115
57.15 0.14770450327
57.2 0.14763474979
57.25 0.14759730864
57.3 0.14759914569
57.35 0.14735741541
57.4 0.14727038562
57.45 0.14736911409
57.5 0.14747164914
57.55 0.14760854967
57.6 0.14773695595
57.65 0.14803909222
57.7 0.14823251688
57.75 0.14833348382
57.8 0.14850148436
57.85 0.14867105415
57.9 0.14874429685
57.95 0.14898169047
58 0.14922162331
58.05 0.14937628483
58.1 0.14921360329
58.15 0.14911445548
58.2 0.1488888727
58.25 0.14877928513
58.3 0.14864436605
58.35 0.14837976238
58.4 0.14813054768
58.45 0.1479119446
58.5 0.14774087069
58.55 0.14766858437
58.6 0.1475470008
58.65 0.14759418523
58.7 0.14760181724
58.75 0.14762004252
58.8 0.14771691629
58.85 0.14770357685
58.9 0.14763645212
58.95 0.1474219374
59 0.14729061478
59.05 0.14727450354
59.1 0.14737753417
59.15 0.14737413276
59.2 0.14746979443
59.25 0.14758057915
59.3 0.14768594772
59.35 0.14779403511
59.4 0.14791200319
59.45 0.14802695386
59.5 0.14818996668
59.55 0.14830723412
59.6 0.1485095175
59.65 0.14870844368
59.7 0.1489474545
59.75 0.14914884513
59.8 0.14917175725
59.85 0.1491985324
59.9 0.1492307914
59.95 0.14926287687
60 0.14929203966
60.05 0.14922457946
60.1 0.14915319892
60.15 0.14909979559
60.2 0.14904252782
60.25 0.14899279333
60.3 0.14899314964
60.35 0.14885028347
60.4 0.14865333854
60.45 0.14832925987
60.5 0.14810490035
60.55 0.14794816349
60.6 0.14774002924
60.65 0.14755504128
60.7 0.14739011382
60.75 0.14734284425
60.8 0.14747807047
60.85 0.14763582483
60.9 0.147706046
60.95 0.14781119623
61 0.14801943991
61.05 0.14829500929
61.1 0.14855345248
61.15 0.14878367139
61.2 0.14906549424
61.25 0.14938220973
61.3 0.14948662156
61.35 0.14947198212
61.4 0.1495256233
61.45 0.14958889143
61.5 0.14969932757
61.55 0.14987206119
61.6 0.15001711568
61.65 0.15013621139
61.7 0.1502316719
61.75 0.15036798874
61.8 0.15046648193
61.85 0.15078967784
61.9 0.1509991148
61.95 0.15109771205
62 0.15096986593
62.05 0.15082028295
62.1 0.15047904028
62.15 0.15019964723
62.2 0.14996891476
62.25 0.14985386779
62.3 0.14965789316
62.35 0.14933934629
62.4 0.14898370199
62.45 0.14861321227
62.5 0.14822137605
62.55 0.14789775798
62.6 0.14761631386
62.65 0.1474814944
62.7 0.14737096366
62.75 0.14727251555
62.8 0.1472820301
62.85 0.14737681726
62.9 0.14732074845
62.95 0.14722082891
63 0.14690639744
63.05 0.14680999858
63.1 0.14683388278
63.15 0.14695848066
63.2 0.14716334317
63.25 0.14736529512
63.3 0.14752723565
63.35 0.14768910931
63.4 0.14775798115
63.45 0.14782844384
63.5 0.14806136465
63.55 0.14858404168
63.6 0.14896297512
63.65 0.14909219378
63.7 0.14905020386
63.75 0.14911343929
63.8 0.14909444166
63.85 0.14905331185
63.9 0.14908248558
63.95 0.14905198893
64 0.14902670329
64.05 0.14901120146
64.1 0.14916834806
64.15 0.14940577678
64.2 0.14969017197
64.25 0.15007386289
64.3 0.1504019046
64.35 0.15067409125
64.4 0.15081864987
64.45 0.15094194805
64.5 0.15107870963
64.55 0.15120977701
64.6 0.15132945758
64.65 0.15136546997
64.7 0.15141300918
64.75 0.15145855413
64.8 0.15155606677
64.85 0.15163604529
64.9 0.15168715976
64.95 0.1517210572
65 0.1516535903
65.05 0.15173261334
65.1 0.15178676232
65.15 0.15208101994
65.2 0.15224571357
65.25 0.15229875044
65.3 0.15243313779
65.35 0.15269786281
65.4 0.15283271764
65.45 0.15302781438
65.5 0.1531852076
65.55 0.15330014012
65.6 0.15357793111
65.65 0.15388889088
65.7 0.1541452865
65.75 0.15433754404
65.8 0.15438081715
65.85 0.15440585775
65.9 0.15436272845
65.95 0.15429844237
66 0.15440541151
66.05 0.15438696563
66.1 0.1543747104
66.15 0.15428661857
66.2 0.15416201491
66.25 0.1541349758
66.3 0.15412417729
66.35 0.15405967304
66.4 0.15374012148
66.45 0.15349401199
66.5 0.15336294337
66.55 0.15319142581
66.6 0.15314360466
66.65 0.15312203494
66.7 0.15327741128
66.75 0.15359347949
66.8 0.15380240673
66.85 0.15398067578
66.9 0.15413741891
66.95 0.15435201504
67 0.15459409224
67.05 0.15474320605
67.1 0.1549827403
67.15 0.1552874387
67.2 0.1555662187
67.25 0.15589725356
67.3 0.15611469679
67.35 0.15645814335
67.4 0.15696019431
67.45 0.1574747074
67.5 0.15802058055
67.55 0.15842034765
67.6 0.15868846123
67.65 0.15894011025
67.7 0.15918123414
67.75 0.15929297071
67.8 0.15949221207
67.85 0.1597622784
67.9 0.16002934833
67.95 0.16024803725
68 0.16062259838
68.05 0.16111587962
68.1 0.16141476951
68.15 0.16154699325
68.2 0.16182278811
68.25 0.16208618586
68.3 0.16229815007
68.35 0.16243178646
68.4 0.16258147723
68.45 0.16275004027
68.5 0.16300140062
68.55 0.16323186844
68.6 0.16335258944
68.65 0.16345568509
68.7 0.16354788037
68.75 0.16364332356
68.8 0.16381817314
68.85 0.16404359146
68.9 0.1642611332
68.95 0.16450528646
69 0.16495843467
69.05 0.16535418795
69.1 0.16560674073
69.15 0.16581524746
69.2 0.16615128445
69.25 0.16653056431
69.3 0.16695693793
69.35 0.16725873291
69.4 0.1674149547
69.45 0.16738080058
69.5 0.16720443869
69.55 0.16711421923
69.6 0.1670336544
69.65 0.16693747915
69.7 0.16677608183
69.75 0.16654559884
69.8 0.16624817102
69.85 0.16591486234
69.9 0.16564094758
69.95 0.16547735821
70 0.16542343188
70.05 0.1652954452
70.1 0.16525300652
70.15 0.16534840521
70.2 0.16544140796
70.25 0.16530792394
70.3 0.16507637381
70.35 0.16496639802
70.4 0.16495950035
70.45 0.16489140995
70.5 0.16499905042
70.55 0.16507297449
70.6 0.16503918308
70.65 0.16497834351
70.7 0.16493457202
70.75 0.16487778967
70.8 0.16464912525
70.85 0.16434815364
70.9 0.16397863823
70.95 0.16358073436
71 0.16328583904
71.05 0.16312064093
71.1 0.16304560617
71.15 0.16313213299
71.2 0.16326090465
71.25 0.16342950362
71.3 0.16349729458
71.35 0.16346264407
71.4 0.1632568573
71.45 0.16305609968
71.5 0.16294970529
71.55 0.16282759791
71.6 0.16238372626
71.65 0.16221520545
71.7 0.16207565233
71.75 0.16203627624
71.8 0.16183423206
71.85 0.16172434675
71.9 0.16160750362
71.95 0.16133185455
72 0.16100875135
72.05 0.16056708075
72.1 0.16013469417
72.15 0.1596980341
72.2 0.15948352352
72.25 0.15939421978
72.3 0.15924443253
72.35 0.15894699923
72.4 0.15871435997
72.45 0.15853608268
72.5 0.1584654891
72.55 0.15835397047
72.6 0.15826561504
72.65 0.15810641913
72.7 0.15796574277
72.75 0.1578718364
72.8 0.15782100587
72.85 0.15777703588
72.9 0.15747929202
72.95 0.15737740681
73 0.15729412539
73.05 0.157227952
73.1 0.15715638803
73.15 0.15712312461
73.2 0.15734931084
73.25 0.15762356007
73.3 0.15784582202
73.35 0.15804974603
73.4 0.15805571297
73.45 0.15813915837
73.5 0.15821250197
73.55 0.15825822133
73.6 0.15831258667
73.65 0.1583589846
73.7 0.15837650998
73.75 0.15837456323
73.8 0.1583051713
73.85 0.15825019191
73.9 0.15803175954
73.95 0.15784640004
74 0.1577774731
74.05 0.15772600381
74.1 0.15776726623
74.15 0.15789922827
74.2 0.15799928346
74.25 0.15809636202
74.3 0.15825190338
74.35 0.15830150352
74.4 0.15842615595
74.45 0.1584535327
74.5 0.15846165526
74.55 0.15836089619
74.6 0.15838381475
74.65 0.15840177987
74.7 0.15846673042
74.75 0.15851442636
74.8 0.15853331824
74.85 0.15880838021
74.9 0.15911626404
74.95 0.15944778706
75 0.1597184421
75.05 0.15994005914
75.1 0.16018617887
75.15 0.16048023748
75.2 0.16071961268
75.25 0.16099775752
75.3 0.16114659018
75.35 0.16130658445
75.4 0.16136753508
75.45 0.16136124573
75.5 0.1614206678
75.55 0.16156639409
75.6 0.16170756121
75.65 0.16182703146
75.7 0.16207158641
75.75 0.16228440681
75.8 0.162380072
75.85 0.1624634978
75.9 0.16244236331
75.95 0.16225727957
76 0.16194394027
76.05 0.16177180016
76.1 0.16180226494
76.15 0.16184324485
76.2 0.16188467916
76.25 0.1618232482
76.3 0.16160518108
76.35 0.16135031016
76.4 0.16112588967
76.45 0.16092979143
76.5 0.16075708527
76.55 0.1605425652
76.6 0.16042692777
76.65 0.16042212336
76.7 0.16048099776
76.75 0.16042385009
76.8 0.16020873025
76.85 0.15992899132
76.9 0.15976021284
76.95 0.15967210887
77 0.15943370222
77.05 0.1592310451
77.1 0.15887437691
77.15 0.1586526859
77.2 0.1585564688
77.25 0.15848219217
77.3 0.15838508302
77.35 0.15848304499
77.4 0.15829390596
77.45 0.1582118286
77.5 0.15810247242
77.55 0.15783200775
77.6 0.15758559448
77.65 0.15754257174
77.7 0.15757331532
77.75 0.15789769556
77.8 0.15816945201
77.85 0.15847712165
77.9 0.15878923921
77.95 0.15906550443
78 0.15928989558
78.05 0.15954633957
78.1 0.15972639873
78.15 0.15987315833
78.2 0.16000022633
78.25 0.1601039969
78.3 0.16016403195
78.35 0.16015910695
78.4 0.16021345501
78.45 0.16024988003
78.5 0.16026677634
78.55 0.16018376806
78.6 0.16010538823
78.65 0.16010173129
78.7 0.16017845811
78.75 0.16014744436
78.8 0.16028391034
78.85 0.16022990409
78.9 0.15976795871
78.95 0.15938479925
79 0.15905965621
79.05 0.15876780648
79.1 0.15842638331
79.15 0.15830396976
79.2 0.15811047224
79.25 0.15800381423
79.3 0.15792450161
79.35 0.15774300115
79.4 0.157489172
79.45 0.15715980779
79.5 0.15688644688
79.55 0.15671144944
79.6 0.15647331558
79.65 0.15629958267
79.7 0.15619067542
79.75 0.15618463288
79.8 0.15610626542
79.85 0.15618330614
79.9 0.1561492759
79.95 0.1562325432
80 0.1564815854
80.05 0.15651545616
80.1 0.15658367845
80.15 0.15658491957
80.2 0.15675521367
80.25 0.15683923981
80.3 0.15698161773
80.35 0.15711528816
80.4 0.15708783408
80.45 0.15714514673
80.5 0.15714265734
80.55 0.15706018926
80.6 0.15690643164
80.65 0.15670267924
80.7 0.15652895453
80.75 0.15619756059
80.8 0.15592672605
80.85 0.15570097951
80.9 0.1555042571
80.95 0.15517541643
81 0.15499361824
81.05 0.15485180468
81.1 0.15465368142
81.15 0.15457132019
81.2 0.15440352705
81.25 0.15422794547
81.3 0.15415240021
81.35 0.15408608439
81.4 0.15411175613
81.45 0.15421061389
81.5 0.15428515637
81.55 0.15431909653
81.6 0.15433476701
81.65 0.15432980825
81.7 0.15413081975
81.75 0.15390085199
81.8 0.15365687793
81.85 0.15351825767
81.9 0.1533193221
81.95 0.15320986278
82 0.15322570958
82.05 0.1531815741
82.1 0.15313678304
82.15 0.15314324964
82.2 0.15316533712
82.25 0.15320850008
82.3 0.15335649256
82.35 0.15341205267
82.4 0.15342104022
82.45 0.15346222246
82.5 0.15341773555
82.55 0.15335079457
82.6 0.15328446189
82.65 0.15312596585
82.7 0.1531167569
82.75 0.15287995423
82.8 0.15271097506
82.85 0.15284666
82.9 0.15296720552
82.95 0.1529389475
83 0.15298354732
83.05 0.15312715507
83.1 0.15334941678
83.15 0.15355410662
83.2 0.15385177311
83.25 0.15420611969
83.3 0.15441226996
83.35 0.15461282352
83.4 0.15473808495
83.45 0.15499323449
83.5 0.15535931012
83.55 0.15544919313
83.6 0.15538835756
83.65 0.15564909319
83.7 0.15610021368
83.75 0.1565424522
83.8 0.15697503221
83.85 0.15747428295
83.9 0.1580175265
83.95 0.15869134156
84 0.15939656834
84.05 0.16009999373
84.1 0.16063655339
84.15 0.1613283907
84.2 0.16192811451
84.25 0.16253164178
84.3 0.16321802327
84.35 0.16379210192
84.4 0.16432109037
84.45 0.16487629886
84.5 0.16535272768
84.55 0.1660882679
84.6 0.16681221993
84.65 0.16742735359
84.7 0.16820847921
84.75 0.16887620064
84.8 0.16933803835
84.85 0.1697044537
84.9 0.17008752527
84.95 0.17053966003
85 0.17089883666
85.05 0.17126793629
85.1 0.17172221119
85.15 0.17190627865
85.2 0.17211067217
85.25 0.17231501289
85.3 0.17248631558
85.35 0.17269577922
85.4 0.17285766365
85.45 0.17319657501
85.5 0.17361889481
85.55 0.17379028098
85.6 0.17400608962
85.65 0.17417995869
85.7 0.17440359529
85.75 0.17451133035
85.8 0.17474391109
85.85 0.17485129395
85.9 0.17492462486
85.95 0.17515236524
86 0.17538215211
86.05 0.1755585873
86.1 0.17576020861
86.15 0.17590639273
86.2 0.17607400976
86.25 0.17611397803
86.3 0.17610580415
86.35 0.17607751425
86.4 0.17612062821
86.45 0.17613604947
86.5 0.17617449372
86.55 0.17618158662
86.6 0.17626223607
86.65 0.17639057547
86.7 0.17636456166
86.75 0.1761582096
86.8 0.17606880928
86.85 0.17591221488
86.9 0.17577577137
86.95 0.17564553149
87 0.17555980691
87.05 0.17569377468
87.1 0.17564996376
87.15 0.17545807716
87.2 0.1752197292
87.25 0.17489131197
87.3 0.17462341787
87.35 0.17458461826
87.4 0.17445297809
87.45 0.17443142143
87.5 0.17432842383
87.55 0.17400539179
87.6 0.17372689979
87.65 0.17361707625
87.7 0.17363051878
87.75 0.17365604386
87.8 0.17365412351
87.85 0.17403188666
87.9 0.17442784002
87.95 0.17485258169
88 0.17527123873
88.05 0.1756539049
88.1 0.17564245863
88.15 0.17557327055
88.2 0.17561234144
88.25 0.17554536974
88.3 0.17534215012
88.35 0.17501823512
88.4 0.1748186166
88.45 0.17465436378
88.5 0.17442508202
88.55 0.174231629
88.6 0.17414582726
88.65 0.1740596505
88.7 0.17399793416
88.75 0.17385155687
88.8 0.17381998295
88.85 0.17385587292
88.9 0.17406339199
88.95 0.17401435347
89 0.17395633022
89.05 0.17382422645
89.1 0.17377749992
89.15 0.17355705815
89.2 0.17337329142
89.25 0.17322865567
89.3 0.17328674181
89.35 0.17324594843
89.4 0.17315387248
89.45 0.17324517919
89.5 0.1734897935
89.55 0.17368323204
89.6 0.17383669203
89.65 0.17393675773
89.7 0.17400460397
89.75 0.17390228237
89.8 0.17372138843
89.85 0.17347563345
89.9 0.17333663079
89.95 0.17337353084
90 0.17339309429
90.05 0.17357027485
90.1 0.1738021705
90.15 0.17421523034
90.2 0.17447733462
90.25 0.17463471807
90.3 0.17483105619
90.35 0.1749775102
90.4 0.17526709193
90.45 0.1752543674
90.5 0.17525466217
90.55 0.17549886955
90.6 0.17591562447
90.65 0.1763796492
90.7 0.17672934523
90.75 0.17694527368
90.8 0.17704229504
90.85 0.1770339035
90.9 0.1770907462
90.95 0.17715562148
91 0.17730558759
91.05 0.17742806245
91.1 0.17737853073
91.15 0.17731565219
91.2 0.1772653399
91.25 0.17720831634
91.3 0.17730918921
91.35 0.17728022831
91.4 0.17721366692
91.45 0.17715028912
91.5 0.17699467078
91.55 0.17697373487
91.6 0.17685526181
91.65 0.17674305443
91.7 0.17648977712
91.75 0.17630520748
91.8 0.17625364887
91.85 0.17601715645
91.9 0.17572641025
91.95 0.17547465637
92 0.17540347787
92.05 0.17541848149
92.1 0.17559060086
92.15 0.17564322517
92.2 0.17560597934
92.25 0.17572790076
92.3 0.17579314974
92.35 0.17586096955
92.4 0.17588921207
92.45 0.17590651431
92.5 0.17606790937
92.55 0.1761119414
92.6 0.17617677996
92.65 0.17620651884
92.7 0.17623204631
92.75 0.17598669369
92.8 0.17572119089
92.85 0.17568084576
92.9 0.17572420793
92.95 0.17582315838
93 0.17599827287
93.05 0.17614677109
93.1 0.17634768499
93.15 0.17657608998
93.2 0.17684662524
93.25 0.17706753205
93.3 0.17730839102
93.35 0.17758512362
93.4 0.17770302846
93.45 0.1775578806
93.5 0.17744923847
93.55 0.17710205515
93.6 0.17689212728
93.65 0.17661474656
93.7 0.17628653381
93.75 0.1761184419
93.8 0.17619807315
93.85 0.17649083127
93.9 0.17667868732
93.95 0.17674100904
94 0.17677317104
94.05 0.17669845373
94.1 0.17644775016
94.15 0.17631943382
94.2 0.17619392361
94.25 0.17607233022
94.3 0.17591750594
94.35 0.17578939666
94.4 0.17566654401
94.45 0.17522235537
94.5 0.1748302338
94.55 0.17424216164
94.6 0.1736428939
94.65 0.17275663669
94.7 0.17200750223
94.75 0.1712923651
94.8 0.17068356293
94.85 0.16999009108
94.9 0.16941021588
94.95 0.16881531037
95 0.16821981331
95.05 0.16754765946
95.1 0.16692552874
95.15 0.16632938484
95.2 0.16575721271
95.25 0.16533952577
95.3 0.1649666299
95.35 0.16465893011
95.4 0.1644009871
95.45 0.16427237082
95.5 0.16416602198
95.55 0.16396413413
95.6 0.16363261199
95.65 0.16345832254
95.7 0.16319407532
95.75 0.16306104368
95.8 0.16294880832
95.85 0.16300853815
95.9 0.16304812897
95.95 0.16307158586
96 0.16308059594
96.05 0.16307938988
96.1 0.16297206856
96.15 0.16280951365
96.2 0.16258556894
96.25 0.16256855666
96.3 0.162615856
96.35 0.16272362779
96.4 0.16265211264
96.45 0.16261273648
96.5 0.16258295843
96.55 0.1626386916
96.6 0.16261192141
96.65 0.16252990483
96.7 0.16247666117
96.75 0.16216316337
96.8 0.16174899303
96.85 0.16124012025
96.9 0.16072186518
96.95 0.1604024011
97 0.15995907326
97.05 0.15979864604
97.1 0.15959658172
97.15 0.15916522148
97.2 0.15871167544
97.25 0.1584287515
97.3 0.1581106037
97.35 0.15785806433
97.4 0.15747237233
97.45 0.15716441986
97.5 0.15691830273
97.55 0.15653980719
97.6 0.15632234305
97.65 0.15606439962
97.7 0.15599345894
97.75 0.15587523298
97.8 0.1557478981
97.85 0.15548840359
97.9 0.15529916667
97.95 0.15507671071
98 0.15507644589
98.05 0.15518784092
98.1 0.15519351493
98.15 0.15515885191
98.2 0.15515101559
98.25 0.15508111412
98.3 0.15505085533
98.35 0.15496757881
98.4 0.15500362644
98.45 0.15512369156
98.5 0.15524335171
98.55 0.15516425719
98.6 0.15497922105
98.65 0.154917016
98.7 0.15495487457
98.75 0.15514353564
98.8 0.15522718866
98.85 0.1554076212
98.9 0.15546075313
98.95 0.15544067421
99 0.15549311771
99.05 0.15549043866
99.1 0.15551384573
99.15 0.15563004748
99.2 0.15576033954
99.25 0.15570765329
99.3 0.1555925349
99.35 0.15542212882
99.4 0.15531539943
99.45 0.1552587953
99.5 0.15523796119
99.55 0.15532255374
99.6 0.15525172429
99.65 0.15504514754
99.7 0.15482164847
99.75 0.15459047
99.8 0.15422861795
99.85 0.15404409383
99.9 0.15374302539
99.95 0.15361158861
100 0.15369500674
